output_id,output
d631b094_0,|44444| |0|
6e02f1e3_0,|000|000|000| |500|050|005| |505|050|505|
28bf18c6_0,|003003|333333|300300|003003|333333|300300| |003003|333333|300300| |030030|333333|330330|000000|000000|000000|
846bdb03_0,|40000004|22228088|22228888|22228000|20228000|40000004| |40000004|22880828|22888828|22880008|22880008|40000004| |40000004|20228088|22228888|22228000|20228000|40000004|
aba27056_0,|0222200000|0244200000|0244400000|0200000000|0200000000|0200000000|0244400000|0244200000|4222244442|2200022222| |0222244444|0244244444|0244444444|0244444444|0244444444|0244444444|0244444444|0244244444|0222244444|0000400004| |2222222000|2244242400|2244442400|2244442400|0244444400|0244444400|4244444000|0204240400|0222240040|0004440004|
6e19193c_0,|0000000000|0000000000|0000800000|0008800000|0000000800|0000080800|0088000000|0008000000|0000000000|0000000000| |0000000000|0000000080|0000000808|0008000000|0000000800|0000000000|0080000000|0000080000|0000000000|0000000000| |0000000000|0000000000|0000808800|0008000000|0000000800|0000000800|0008080000|0008000000|0800000000|0880000000|
1b2d62fb_0,|008|800|008|000|800| |008|000|008|000|000| |000|000|000|000|000|
b0c4d837_0,|888|008|000| |880|000|000| |880|800|000|
ef135b50_0,|2220000000|2229992222|0000002222|0222992222|0222000000|0222922220|0222922220|0222000000|0000000000|0000000000| |2220000000|2229992222|0990002222|0222992222|0222009990|0222922220|0222922220|0222000000|0000000000|0000000000| |2220000000|2229992222|0000002222|0222992222|0222000000|0222922220|0222022220|0222000000|0000000000|0000000000|
5521c0d9_0,|444400000000000|444400000000000|444404000000000|444404440000000|122204440000000|122204440000000|222202240000000|222202240000000|000002240000000|000000000011111|000000000011111|000000000011111|000000000000000|000000000000000|000000000000000| |000000000000000|222200000000000|222200000000000|222204440000000|222204440000000|222204440000000|222204440000000|222204440000000|000004440000000|000000000011111|000000000011111|000000000011111|000000000000000|000000000000000|000000000000000| |111100000000000|122200000000000|122200400000000|122204440000000|122200440000000|122200440000000|122200440000000|122204440000000|000004440000000|000000000011111|000000000011111|000000000011111|000000000000000|000000000000000|000000000000000|
c1d99e64_0,|4040442044440444440442400|4440042440444444044442400|2222222222222222222222222|4044402444440444444442440|4404442000444404440442444|4440442444444444404042404|4004042444444040444042444|4444402404004400444002040|0440442440440440040402404|4440442044444004044402444|4044402404404404404402004|4404002444044444404442444|2222222222222222222222222|0440002044440440044442044|4444442444404044044442444|4444402404004444444402404|0444442444440404404442440|0444402444040404444442044|4440442040444444444442000|4404442440444044404402044|2222222222222222222222222|4444042404440000404442444|0444442404044044044042444|4444442440000444004442440|4040442400044444040442040|4404042040440440004042444|4004442404444404444002444| |2040440044442000000000000|4440040440442000000000000|2222222222222222222222222|4044400444442000000000000|4404440000442000000000000|4440440444442000000000000|4004040444442000000000000|4444400404002000000000000|0440440440442000000000000|4440440044442000000000000|4044400404402000000000000|4404000444042000000000000|2222222222222222222222222|0440000044442000000000000|4444440444402000000000000|4444400404002000000000000|0444440444442000000000000|0444400444042000000000000|4440440040442000000002000|4404440440442000000000000|2222222222222222222222222|4444040404442000000000000|0444440404042000000000000|4444440440002000000000000|4040440400042000000000000|4404040040442000000000000|4004440404442000000000000| |0000000000000000000000000|0000000000000000000000000|0000000000000000000000000|0000000000000000000000000|0000000000000000000000000|0000000000000000000000000|0000000000000000000000000|0000000000000000000000000|0000000000000000000000000|0000000000000000000000000|0000000000000000000000000|0000000000000000000000000|0000000000000000000000000|0000000000000000000000000|0000000000000000000000000|0000000000000000000000000|0000000000000000000000000|0000000000000000000000000|0000000000000000000000000|0000000000000000000000000|0000000000000000000000000|0000000000000000000000000|0000000000000000000000000|0000000000000000000000000|0000000000000000000000000|0000000000000000000000000|0000000000000000000000000|
855e0971_0,|888808888888888|888888888888888|888888888888088|888888888888888|111111011111011|111111011111011|111111011111011|111111011111011|444404044404044|444404044404044|444404044404044|444404044404044|444404044404044|202222222222222|202222222222222|202222222222222|202222222222222| |888808888888888|888808888888088|888888888888088|888888888888088|101101011101111|101101011101111|101101011101111|101101011101111|404444444404044|404444444404044|404444444404044|404444444404044|404444444404044|202222222222222|202222222222222|202222222222222|202222222222222| |888808888888088|888808888888088|888808888888088|888808888888088|111111011111111|111111011111111|111111011111111|111111011111111|444444444404444|444444444404444|444444444404444|444444444404444|444444444404444|202222222222222|202222222222222|202222222222222|202222222222222|
d23f8c26_0,|0000000|0008000|0000000|0001000|0000000|0006000|0006000| |0030007|8000000|0030800|0700070|0000000|0000000|0800000| |0000007|0008000|0030800|0700070|0000000|0000000|0000000|
2281f1f4_0,|5055005050|0000000000|2022002025|2022002025|0000000000|2022002025|0000000000|2022002025|0000000000|0025005025| |5055005050|0000000000|2022002025|2022002025|0000000000|2022002025|0000000000|2022002025|0000000000|0000000005| |5055005050|0000000000|2022002025|2022002025|0000000000|2022002025|0000000000|2022002025|0000000000|0005005025|
4612dd53_0,|0000000000000|0000000000000|0012112121100|0010000000100|0020000000200|0020000000200|0010000000100|0010101001100|0020000000200|0010000000100|0012112121100|0000000000000|0000000000000| |0000000000000|0000000000000|0012110121100|0010000000100|0020000000200|0020000000200|0010000000100|0012101021100|0020000000200|0010000000100|0012112121100|0000000000000|0000000000000| |0000000000000|0000000000000|0012110121100|0010000000100|0020000000200|0000000000000|0010000000100|0012121221100|0020000000200|0010000000100|0012112121100|0000000000000|0000000000000|
aabf363d_0,|0000000|0222000|0222220|0002200|0022000|0022200|0000000| |0000000|0222000|0020000|0222200|0022200|0002000|0000000| |0000000|0002000|0022200|0222200|0220000|0022000|0000000|
8e5a5113_0,|33952935992|99959935999|29959995933| |33959995992|99953995999|29953925933| |33959335992|99959995999|29959925933|
694f12f3_0,|4444440000|4222240000|4222240000|4222240000|4222240000|4444440000|0000000000|0000444444|0000411224|0000444444| |4444440000|4222240000|4222240000|4222240000|4222240000|4444440000|0000000000|0000444444|0000411114|0000444444| |4444440000|4222240000|4222240000|4222240000|4222240000|4444440000|0000000000|0000444444|0000422224|0000444444|
a416b8f3_0,|4000400040|4500450045|0560056005|6610661066|0001000100|4000400040|4500450045|0560056005| |4000400040|4500450045|0560056005|6610661066|0001000100|4000400040|4500450045| |40004000|45004500|05600560|66106610|00010001|
d2abd087_0,|0220001100|0220001100|2222011000|0000000000|0110000100|0111100100|0000000100|0000000100|0111110000|0000000000| |0220001200|0110001100|2111011000|0000000000|0110000200|0112200200|0000000200|0000000100|0111220000|0000000000| |0220001100|0220001100|2222021000|0000000000|0110000100|0111200200|0000000200|0000000100|0111120000|0000000000|
3c9b0459_0,|764|466|446|
e21d9049_0,|00000010000000000000|00000040000000000000|00000020000000000000|00000030000000000000|00000010000000000000|00000040000000000000|14231423142314231423|00000030000000000000|00000010000000000000|00000040000000000000|00000020000000000000|00000030000000000000|00000010000000000000|00000040000000000000|00000020000000000000|00000030000000000000|00000010000000000000|00000040000000000000|00000020000000000000|00000030000000000000| |00400000000100000000|00200000000100000000|00100000000100000000|00400000000100000000|14214214214100000000|00100000000100000000|00400000000100000000|00200000000100000000|00100000000100000000|00400000000100000000|00200000000100000000|00100000000100000000|11111111111100000000|00000000000000000000|00000000000000000000|00000000000000000000|00000000000000000000|00000000000000000000|00000000000000000000|00000000000000000000| |00001000000010000000|00004000000010000000|42142142142110000000|00001000000010000000|00004000000010000000|00002000000010000000|00001000000010000000|00004000000010000000|00002000000010000000|00001000000010000000|00004000000010000000|11111111111110000000|00000000000000000000|00000000000000000000|00000000000000000000|00000000000000000000|00000000000000000000|00000000000000000000|00000000000000000000|00000000000000000000|
dc433765_0,|00000000000|00000000000|00000000000|00030000000|00000000000|00000000000|00000000000|00000000000|00040000000|00000000000|00000000000| |00000000000|00000000000|00000000000|00000000000|00000000000|00000000000|00000000000|00000000000|00040000000|00000000000|00000000000| |00000000000|00000000000|00000000000|00000000000|00000000000|00000000000|00000000000|00000000000|00000000000|00000000000|00000000000|
dc433765_1,|400|030|000| |400|033|030| |000|000|000|
6a1e5592_0,|222222222222222|212222121221222|211222111221112|011110011000011|000000000001001|000000000000000|000000000000000|000000000000000|000000000000000|000000000000000| |222222222222222|212222121221222|211222111221112|011101111001111|000000000001111|000000000000000|000000000000000|000000000000000|000000000000000|000000000000000| |000000000000000|000000000000000|000000000000000|000000000000000|000000000000000|000000000000000|000000000000000|000000000000000|000000000000000|000000000000000|
bb43febb_0,|5555550000|5222250000|5555550000|0000000000|0005555555|0005222225|0005222225|0005222225|0005222225|0005555555| |0000000000|5550000000|5250000000|5250555550|5250522250|5550522250|0000522250|0000522250|0000555550|0000000000| |0000000000|0555550000|0522250000|0522250000|0522250555|0522250525|0555550525|0000000525|0000000555|0000000000|
776ffc46_0,|00000000000050000000|00000000000050022200|00000002220050022200|00000002220050000000|00010000000050000000|00010000000055555555|00111100000000000000|00010000000000000000|00000001100000000000|00100011110000010000|01110011110000111000|00100001100000010000|00000000000000000000|55555550000055555550|00000050000050000050|00220050000050020050|02222050000050222050|02222050000050020050|00220050000050000050|00000050000055555550| |00000000000050000000|00000000000050022200|00000001110050022200|00000001110050000000|00010000000050000000|00010000000055555555|00111100000000000000|00010000000000000000|00000001100000000000|00100011110000010000|01110011110000111000|00100001100000010000|00000000000000000000|55555550000055555550|00000050000050000050|00220050000050020050|02222050000050222050|02222050000050020050|00220050000050000050|00000050000055555550| |00000000000050000000|00000000000050022200|00000001110050022200|00000001110050000000|00020000000050000000|00020000000055555555|00222200000000000000|00010000000000000000|00000002200000000000|00100022220000010000|01110012220000111000|00100001200000010000|00000000000000000000|55555550000055555550|00000050000050000050|00220050000050020050|02222050000050222050|02222050000050020050|00220050000050000050|00000050000055555550|
8be77c9e_0,|000|001|100|100|001|000| |000|100|001|001|100|000| |000|100|100|100|100|000|
c909285e_0,|8888888|8222228|8212128|8222128|8211008|8222028|8888888| |8888888|8113208|8113218|8333238|8222218|8013118|8888888| |8888888|8222228|8212128|8222128|8211028|8222228|8888888|
8d5021e8_0,|3333|0330|3333|3333|0330|3333|3333|0330|3333| |3333|3003|3333|3333|3003|3333|3333|3003|3333| |3333|3333|3333|3333|0330|3333|3333|3333|3333|
f25fbde4_0,|0044004400|0044004400|4400440044|4400440044|0044004400|0044004400| |0044000000|0044000000|4444000000|4444000000|0000440000|0000440000|
2bee17df_0,|88888888888888|88883088833822|88803000033002|83333333333332|88803000033022|88003000033222|83333333333332|88003000033002|88003000033002|88003000033002|83333333333332|88003000033022|88023220033222|82222222222222| |88888888888888|88883088833822|88833000033002|83333333333332|88833000033022|88033000033222|83333333333332|88333333333002|88033000033002|88033000033002|83333333333332|88003000033022|88023220030222|82222222222222| |88888888888888|88880088800822|88830000000002|83333333333332|88830000000022|88030000000222|83333333333332|88030000000002|88030000000002|88030000000002|83333333333332|88020000000022|88020220000222|82222222222222|
890034e9_0,|021011110010120111012|111021210111101110211|111022111110111011211|221111111110111201111|121011221101100101112|100110111110100110020|011000110110100110111|111221012211200101112|101010021110000111010|010011011111111101101|011101011110111101111|011100101011111001110|010011111111100211111|133331202110100100111|230031010101111111110|130031120111021110111|130031200012111210101|130031101010101111111|030031020111101102111|133331111111111100110|111210101011111101111| |021011110013123111312|111021210111101110211|111022111110111011211|221111111110111201111|021011221101100101112|100110111110100110020|011000110110100110111|111221012211200101112|101010021110000111010|010011011111111101101|011101011110133301111|011100101033133001110|010011111113100311111|133331202110100300111|230031010101111111110|130031120111021110111|130031200013030310101|130031101000000311111|030031020103301332111|133331111111111130110|111210101011111101111| |101211110112010212200|110011120022210011201|222121010021011210010|022210111010100001211|110211000010222101000|010010010100011112101|010012012022001200011|011102212103333310111|202121220023000301100|002000012213000300211|100333332103333302222|110300031000020110211|000300031101121020100|102333330101001110210|200001020010011120201|002100010012002001212|220010122121202201212|121100001012000111101|000001011201112020120|111020210001001100210|021110221212021220020|
ea32f347_0,|0000000000|0001000000|0001000000|0001000000|0000000000|0000441211|0000000000|0000000000|1111100000|0000000000| |0000000000|0001000000|0001000000|0001000000|0000000000|0000442221|0000000000|0000000000|1441400000|0000000000| |0000000000|0001000000|0002000000|0002000000|0000000000|0000111111|0000000000|0000000000|1111100000|0000000000|
3bd67248_0,|3000000002|3000000020|3000000200|3000002000|3000020000|3000200000|3002000000|3020000000|3200000000|3444444444| |3000000022|3000000222|3000002220|3000022200|3000222000|3002220000|3022200000|3222000000|3220000000|3444444444| |3000000002|3000000022|3000000200|3000002000|3000220000|3002200000|3022000000|3220000000|3200000000|3444444444|
a64e4611_0,|044040440003304444403040444000|444004400003300440403000044044|000400004403300404403044004004|400044404003304000403000004004|404440400403300004003004044040|004040004403304004003004000000|404400400403304044003040044044|040444040003300004003000000400|004000444003304400403000004040|000000000003300000003000000000|333333333333333333333333333333|000000000003300000000000000000|000000000003300000000000000000|000000000003300000000000000000|333333333333333333333333333333|000000000003300000000000000000|040000040403330400400040440044|440440040003330404004004440400|004044404033300004000044444444|044040000003304440404000400040|000040000403304000000000400400|404000400003300044000000404404|404400440333300044400404040044|044440400003304044040004004444|440000440403304404004040404440|404000400403304044000040440404|040400000403304040444004400040|004040440003300040400000040044|400000444033330000004040444044|000444444033330400400004044000| |044040440303304444403040444000|444004400003300440403000044044|000400004403300404403044004004|400044404003304000403000004004|404440400403300004003304044040|004040004403304004003004000000|404400400403304044003040044044|040444040003300004003000000400|004000444003304400403000004040|300000000003300000003333000000|333333333333333333333333333333|333333333333333333333333333333|333333333333333333333333333333|333333333333333333333333333333|333333333333333333333333333333|000333000003300000000000000000|040000040403300400400040440044|440440040003300404004004440400|004044404003300004000044444444|044040000003304440404000400040|000040000403304000000000400400|404000400003300044000000404404|404400440003300044400404040044|044440400003304044040004004444|440000440403304404004040404440|404000400403304044000040440404|040400000403304040444004400040|004040440003300040400000040044|400000444033330000004040444044|000444444003300400400004044000| |044040440303304444403040444000|444004400003300440403000044044|000400004403300404403044004004|400044404003304000403000004004|404440400403300004003304044040|004040004403304004003004000000|404400400403304044003040044044|040444040003300004003000000400|004000444003304400403030004040|000000000003300000003333300000|033333333333333333333333333333|333333333333333333333333333333|333333333333333333333333333333|333333333333333333333333333333|333333333333333333333333333333|000303000003300000003000000000|040000040403300400400040440044|440440040003300404004004440400|004044404003300004000044444444|044040000003304440404000400040|000040000403304000000000400400|404000400003300044000000404404|404400440003300044400404040044|044440400003304044040004004444|440000440403304404004040404440|404000400403304044000040440404|040400000403304040444004400040|004040440003300040400000040044|400000444033330000004040444044|000444444003300400400004044000|
d9fac9be_0,|4|
3befdf3e_0,|000000000000|800080000000|800080000000|800080000000|000000088800|000000088800|000008033380|000088088388|000088088388|000088033388|000000088800|000000088800| |000000000000|833333333380|838333333380|833333333380|033300333300|033300333300|833333333388|833333388388|833333388388|833333333388|088800888800|000000000000| |088800000000|833388000000|838388000080|833388800000|088800888800|088800888800|000888333388|000088388388|000088388388|000088333388|008000888800|000000888800|
4347f46a_0,|0000000000000000000|0888888000066660000|0800008000060060000|0888888000066660000|0000000000000000000|0044444400000000000|0040000400111111110|0040000400100000010|0040000400100000010|0040000400100000010|0040000400100000010|0044444400111111110|0000000000000000000|0000033333000000000|0000030003000000000|0000033333000000000|0000000000000000000|
c9e6f938_0,|770|070|007| |770077|070070|007700| |007700|070070|770077|770077|070070|007700|
ff805c23_0,|44444|44444|44444|44444|44444| |03333|03330|33330|33300|30003| |04044|40444|00404|44044|44400|
a87f7484_0,|606|660|606| |050|505|050| |666|606|666|
6d58a25d_0,|00000000000000000000|00006000006000000060|00000000000600000000|00600010000000000000|00000111000000000000|00001101100006000060|00016606010000000000|00006606000000006000|60006606000000000000|00006606000000000000|00006606000000000000|00006606000000000000|06006606000600006000|00006606000000000000|00006606000000000060|00006606000000000000|00006606000000600000|00006606000000000000|00006606000000000600|00006606006000000000| |00000000000000000000|00006000006000000060|00000000000600000000|00600010000000000000|00000111000000000000|00001101100006000060|00016606010000000000|00006606000000006000|60006606000000000000|00006606000000000000|00006606000000000000|00006606000000000000|06006606000600006000|00006606000000000000|00006606000000000060|00006606000000000000|00006606000000600000|00006606000000000000|00000606000000000600|00000606006000000000| |00000000000000000000|00006000006000000060|00000000000600000000|00600010000000000000|00000111000000000000|00001101100006000060|00016606010000000000|00006606000000006000|60006606000000000000|00006606000000000000|00006606000000000000|00006606000000000000|06006606000600006000|00006606000000000000|00000606000000000060|00006006000000000000|00000606000000600000|00000000000000000000|00000006000000000600|00000000006000000000|
b60334d2_0,|555000000|505000000|111555000|000505000|000555515|000000505|051500151|010100000|051500000| |551000000|105000000|551555000|000505000|000555515|000000501|051500155|010100000|051500000| |555000000|105000000|515555000|000505000|000555515|000000501|051500555|010100000|051500000|
72ca375d_0,|4444|4004|4000| |44444|40044| |39930|33330|
0e206a2e_0,|0000000000000000000|0000000000000000000|0000000000000000000|0000000000000000000|0000005155400000000|0000000000000000000|0000000000000000000|0000000500000000000|0000000000000000000|0000000000000000000|0000000000000000000|0000000000000000000|0000000000500500000|0000400200000000000|0000500000000000000|0000000000000000000|0000000000000000000|0000000000000000000|0000000000500000000|0000000005100000000|0000000000000000000|0000000000000000000|0000000000000000000|0000000000000000000| |0000000000000000000|0000000000000000000|0000000000000000000|0000000000000000000|0000000000000000000|0000000000000000000|0000000000000000000|0000000000000000000|0000000000000000000|0000000000000000000|0000000000000000000|0000000000000100000|0000000000000500000|0020400000000000000|0000500000000000000|0000100000000000000|0000000000000000000|0000000000000000000|0000000000000000000|0000000000000000000|0000000000000000000|0000000000000000000|0000000000000500000|0000000000000000000| |0000000000000000000|0000000000000000000|0000000000000000000|0000000000000000000|0000000000000000000|0000000000000000000|0000000000000000000|0000000000000000000|0000000000000000000|0000000000000000000|0000000000000000000|0000000000000000000|0050500000505000000|0055550000000000000|0000000000000000000|0000000100050000000|0000000400050000000|0000000000000000000|0000000000000000000|0000000045150000000|0000000000505000000|0000000000055000000|0000500000005000000|0000000000000000000|
543a7ed5_0,|888888888888888|888888883333388|833333383666388|836666383666388|836446383646388|836446383646388|836666383646388|833333383666388|888888883333388|888888888888888|888333333333888|888366666663888|888366446663888|888366666663888|888333333333888| |888888888888888|888888883333388|833333383666388|836666383666388|836886383646388|836886383646388|836666383646388|833333383666388|888888883333388|888888888888888|888333333333888|888366666663888|888366886663888|888366666663888|888333333333888| |888888888888888|888888883333388|833333383666388|833333383666388|833883383646388|833883383646388|833333383646388|833333383666388|888888883333388|888888888888888|888333333333888|888363333663888|888363883663888|888363333663888|888333333333888|
44d8ac46_0,|000000000000|555550055550|522250055050|520050050050|520050050050|555550055550|000000000000|000000000000|005555550000|005000050000|005000050000|005555550000| |000000000000|555550055550|522250055050|522250050050|522250050050|555550055550|000000000000|000000000000|005555550000|005222250000|005222250000|005555550000| |000000000000|555550055550|500050055250|500050052250|500050052250|555550055550|000000000000|000000000000|005555550000|005000050000|005000050000|005555550000|
a8c38be5_0,|665322511|655525551|555555555|655555553|265555533|655555553|555555555|755545558|775444588| |665222511|655525551|555555555|255555553|225555533|255555553|555555555|755545558|775444588| |335622561|355525551|555555555|255555553|265555539|955555552|555555555|755545558|775444588|
d364b489_0,|7070000070|2000000200|0077707160|0071606660|0002000000|0000000000|0700007160|0000000000|0002000000|0007160000| |7170000071|2000000000|0077707160|0071602660|0000000000|0200000000|1700007160|0000000000|0000000000|0007160000| |7277706778|2712201602|1672708122|8288201771|7162600000|7000000700|7700008870|8000000600|0000700000|0008880000|
c8cbb738_0,|616|181|181|181|181|181|626| |686|888|888|888|888|888|686| |616|888|888|181|888|888|616|
eb281b96_0,|03030303030303030|00300030003000300|03030303030303030|00300030003000300|03030303030303030|00300030003000300|03030303030303030|00300030003000300|03030303030303030|00300030003000300|03030303030303030|00000000000000000|03030303030303030| |00300030003000300|03030303030303030|03030303030303030|03030303030303030|30003000300030003|03033333333333333|00300030003000300|03030333333333333|03033303330333033|03030303030303030|30033303330333033|03030303030303030|00300030003000300| |00303030003000303|03330303330303330|33030333030333030|03330303330303330|00003000003000003|33333303330333333|30000030000030000|33333333333333333|00303030003000303|03330303330303330|33030333030333030|03330303030303330|30003000303030003|
3345333e_0,|0000000000000000|0000000000000000|0000000000000000|0000000000000000|0000000000000000|0000000500050000|0000000555505000|0000005500005500|0000005555555500|0000000005000000|0000005555555500|0000005505055000|0000000500050000|0000000000000000|0000000000000000|0000000000000000| |0000000000000000|0000000000000000|0000000000000000|0000000000000000|0000000000000000|0000000500000000|0000000550000000|0000005500000000|0000005550000000|0000000000000000|0000005550000000|0000000500000000|0000000500000000|0000000000000000|0000000000000000|0000000000000000| |0000000000000000|0000000000000000|0000000000000000|0000000000000000|0000000000000000|0000000000000000|0000500500000000|0000555500000500|0000555500555500|0000888805000000|0000555500050000|0000000500000000|0000000000000000|0000000000000000|0000000000000000|0000000000000000|
6ecd11f4_0,|4063|9335|6004| |4800|0330|6070| |4060|9300|0770|
93b581b8_0,|000002|550022|550022|003100|002500|110033| |500002|550022|000033|003100|002500|110033| |500002|550022|500000|003100|002500|110033|
234bbc79_0,|02210338|22011308|00010000| |022103380|220113080|000100000| |001100000|020103380|220113080|
d8c310e9_0,|000000000000000|000000000000000|002000020000200|622066220662206|662366623666236| |000000000000000|000000000000000|002000200000000|622062226202206|662366236666236| |000000000000000|000000000000000|000000200000000|622062206226622|662366236666662|
8eb1be9a_0,|0100100100100|1011011011011|1011011011011|0100100100100|1011011011011|1011011011011|0100100100100|1011011011011|1011011011011|0100100100100|1011011011011|1011011011011|0100100100100|1011011011011| |0000010000010000010|0010000010000010000|1111111111111111111|0000010000010000010|0010000010000010000|1111111111111111111|0000010000010000010|0010000010000010000|1111111111111111111|0000010000010000010|0010000010000010000|1111111111111111111|0000010000010000010|0010000010000010000|1111111111111111111|
3f7978a0_0,|8008|8000|5000|5000|0000|5000|5000|5000|8008|8000| |8008|8008|5005|5005|5005|5005|5005|5005|8088|8008| |8008|8008|5085|5005|5085|5005|5085|5005|8088|8008|
8a004b2b_0,|400000000000000004|000000000000000000|000088880000333300|000088880000333300|000088880000333300|000088880000333300|000000000000000000|000000000000000000|000000000000000000|000000000000000000|000000000000000000|000000000000000000|000000000000000000|400000000000000004| |400000000040000004|000000000000000000|000088880000333300|000888880000333300|000888881000333300|000088880000333300|000000000000000000|000000000000000000|000000000000000000|000000000000000000|000000000000000000|000000000000000000|000000000000000000|400000000000000004| |400000000000000004|033300000000000000|033388880000333300|033388880000333300|000088880000333300|000088880000333300|000000000000000000|000000000000000000|000000000000000000|000000000000000000|000000000000000000|000000000000000000|000000000000000000|400000000000000004|
928ad970_0,|000000000000000|000000050000000|000888888888000|000800000008000|000800000008000|000808888008000|005808008008000|000808888008000|000800000008000|000800000008500|000800000008000|000800000008000|000888888888000|000005000000000|000000000000000| |000000000000000|000000050000000|000888888888000|000800000008000|000800000008000|000808888008000|005808008008000|000808888008000|000800000008000|000000000000000|000800000008000|000800000008000|000888888888000|000005000000000|000000000000000| |000000000000000|000000000000000|000000000000000|000000000000000|000000000000000|000000000000000|000000000000000|000000000000000|000000000000000|000000000000000|000000000000000|000000000000000|000000000000000|000000000000000|000000000000000|
c3e719e8_0,|000000117|000000741|000000517|117000000|741000000|517000000|000000117|000000741|000000517| |117117117|741741741|517517517|117000117|741000741|517000517|000117117|000741741|000517517| |117117000|741741000|517517000|117000117|741000741|517000517|000117000|000741000|000517000|
ce602527_0,|363|666|363|666|333| |363|666|363|666| |133|113|133|113|313|
3eda0437_0,|666610101000661000011010|166611116666110110111110|666661116116100011001111|661166060111110110110001| |000010101000001000611616|100011110000110110111116|000001110110100011061111|001100000111110110110001| |000010101000001000011010|100011110000110110111110|000001110110100011001111|001100000111110110110001|
5582e5ca_0,|888|888|888| |666|666|666| |999|999|999|
88a62173_0,|50|55| |55|50| |55|55|
77fdfe62_0,|033000|333040|003040|070550|770505|070050| |033000|333040|007040|070550|770505|070050| |077000|777040|007040|070850|770505|070050|
67385a82_0,|80803|88800|00003|08800|08800| |80803|88800|00003|03300|03300| |80303|88300|00003|08800|08800|
f8a8fe49_0,|000000000000000|000005550000000|000000555500000|000000000000000|000022222220000|000020000020000|000000000000000|000000000000000|000000000000000|000000000000000|000020000020000|000022222220000|000000000000000|000000555000000|000000000000000| |000000000000000|000000550000000|000000555500000|000000000000000|000022222220000|000020000020000|000000000000000|000000000000000|000000000000000|000000000000000|000020000020000|000022222220000|000000000000000|000000555000000|000000000000000| |000000000000000|000005500000000|000000505500000|000000000000000|000022222220000|000020000020000|000000000000000|000000000000000|000000000000000|000000000000000|000020000020000|000022222220000|000000000000000|000000505000000|000000000000000|
3bdb4ada_0,|00000000000000000000|00555555500000000000|00505050500000000000|00555555500000000000|00000000000000000000|04444444444444000000|04404040404044000000|04444444444444000000|00000000000000088888|00000000000000088088|00000000000000088888| |00000000000000000000|00555555500000000000|00505050500000000000|00555555500000000000|00000000000000000000|04444444444444000000|04404040404044000000|04444444444444000000|00000000000000088888|00000000000000080008|00000000000000088888| |00000000000000000000|00555555500000000000|00500000500000000000|00555555500000000000|00000000000000000000|04444444444444000000|04000000000004000000|04444444444444000000|00000000000000088888|00000000000000080008|00000000000000088888|
8403a5d5_0,|0010151015|0010101010|0010101010|0010101010|0010101010|0010101010|0010101010|0010101010|0010101010|0010101510| |0051015100|0001010100|0001010100|0001010100|0001010101|0001010101|0001010101|0001010101|0001010101|0001510151| |0051015100|0001010000|0001010100|0001010100|0001010100|0001010100|0001010100|0001010000|0001010101|0001510151|
fcb5c309_0,|88888888|80808008|80000008|80000008|80000008|80800008|80000808|88888888| |00008888|88808080|80808000|88808000|00008000|00008080|00008000|00008888| |88888888|80000008|88000808|80800808|80088808|80008088|80000008|88888888|
d4a91cb9_0,|0000000000000|0000000000000|0004444444420|0004000000000|0004000000000|0004000000000|0004000000000|0004000000000|0008000000000|0000000000000|0000000000000|0000000000000| |0000000000000|0000000000000|0000000000020|0000000000040|0000000000040|0000000000040|0000000000040|0000000000040|0008444444440|0000000000000|0000000000000|0000000000000| |0000000000000|0000000000000|0000000044400|0000000000000|0000000000000|0000000000000|0000000000000|0000000000000|0000044440000|0000000000000|0000000000000|0000000000000|
3aa6fb7a_0,|0000088|8800018|8100000|0008100|0008800|1800000|8800000| |0000088|8800008|8100000|0008100|0008800|1810000|8810000| |0000088|8800018|8800000|0008100|0008800|1800000|8800000|
9565186b_0,|535|335|535| |155|555|555| |153|533|553|
e98196ab_0,|60006060007|00770000706|60006070006|07070000067|60060070000| |00007555557|00770600700|70000070060|07077000067|70000070600| |00006000007|00770000706|00000070006|07070000067|00060070000|
5c2c9af4_0,|0000000000000000000000000000|0000000000000000004000000000|0000000000000000000000000000|0000000000000000000000000000|0000400000000000004000000000|0000000000000000000000000000|0000000000000000000000000000|0000000000000000004000000000|0000000040000000000000000000|0000000000000000000000000000|0000000000400000004000000000|0000000000000000000000000000|0000000040004000400000000000|0000000040000000004000000000|0000000400000000000400000000|0000000000000000000000000000|0000000000000000404000000000|4000400040004000400000000000|0000000400000000000400000000|0000000000000000000000000000|0000000000000000000000000000|0000000000000000000000000000|0000000400000000000400000000|0000000000000000000000000000|0000000040004000400000000000|0000000000000000000000000000|0000000000000000000000000000|0000000000000000000000000000| |0000000000000000004000000000|0000000000000000000000000000|0000000000000000000000000000|0000000000000000000000000000|0000000000000000000000000000|0000000000000000000000000000|0000000000000000000000000000|0000000000000000000000000000|0000000000000000000000000000|0000000000000000000000000000|0000000000000000000000000000|0000000000000000000000000000|0000000444444444444400000000|0000000000000000000000000000|0000000400000000000400000000|0000000000000000000000000000|0000000400000000000400000000|4000000000000000000000000000|0000000400000000000400000000|0000000000000000000000000000|0000000400000000000400000000|0000000000000000000000000000|0000000400000000000400000000|0000000000000000000000000000|0000000444444444444400000000|0000000000000000000000000000|0000000000000000000000000000|0000000000000000000000000000| |0404040004040004040004040404|4444444444444444444444444444|0404040004040004040004040404|4444044444444444004444044444|0404040400000400000400000404|4444044040044040044040040044|0404000004000004000004000404|4444404440404440404440404444|0400040000040000040000040404|4004044044004044004044004004|0400000400000400000400000400|4444444044444044444044444444|0004000404000404040404000004|4444444444444444444444444444|0000040400040004040400040000|4444044444444444444444044444|0400000404000400040400000400|4444444444444044444444444444|0004000404000404000404000004|4444444444444444444444444444|0000040004040000040000040000|4004004044044044044044004004|0400000400040404000404000400|4444444444444044444444444444|0004000404000404040404000004|4444444444444444444444444444|0000040000040000040004040400|4004004044004044004044004004|
80af3007_0,|555555555|055055555|505555500|000555000|000555000|000505000|555000550|555000055|505000505| |555555555|050050050|505505505|000555000|000050000|000505000|555000555|050000050|505000505| |555550505|055005050|555550505|000555000|000005000|000555000|555000505|055000050|555000505|
469497ad_0,|0000066666666660000088888|0000066666666660000088888|0000066666666660000088888|0000066666666660000088888|0000066666666660000088888|0000066666666660000088888|0000066666666660000088888|0000066666666660000088888|0000066666666660000088888|0000066666666660000088888|0220000000000000022011111|0222200000000002222211111|2022200000000002222211111|0200000000000000022011111|0220000000000000022011111|2220200000000002022277777|2222000000000000222277777|0220000000000000022077777|0220000000000000022077777|2222200000000002222277777|8888888888111117777799999|8888888888111117777799999|8888888888111117777799999|8888888888111117777799999|8888888888111117777799999| |0000066666666660000088888|0000066666666660000088888|0000066666666660000088888|0000066666666660000088888|0000066666666660000088888|0000066666666660000088888|0022066666666660000088888|0202066666666660000088888|2000066666666660000088888|0000066666666660000088888|0000000000000000000011111|0000000000000000000011111|0000000000000000000011111|0000000000000000000011111|0000000000000000000011111|0000000000000000000077777|0000000000000000000277777|0000000000000000000077777|0000000000000000000077777|0000000000000000200077777|8888888888111117777799999|8888888888111117777799999|8888888888111117777799999|8888888888111117777799999|8888888888111117777799999| |0000066666666660000088888|0000066666666660000088888|0000066666666660000088888|0000066666666660000088888|0000066666666660000088888|0000066666666660000088888|0022066666666660000088888|0200066666666660000088888|2000066666666660000088888|0000066666666660000088888|0000000000000000000011111|0000000000000000000011111|0000000000000000000011111|0000000000000000000011111|0000000000000000000011111|0000000000000000000077777|0000000000000000000277777|0000000000000000000077777|0000000000000000000077777|0000000000000000200077777|8888888888111117777799999|8888888888111117777799999|8888888888111117777799999|8888888888111117777799999|8888888888111117777799999|
31aa019c_0,|0000000000|0000000000|0000000000|0000000000|0000000000|0000222000|0000292000|0000222000|0000000000|0000000000| |0000000000|0000000000|0000000000|0000000000|0000000000|0000222000|0000292000|0000220000|0000000000|0000000000| |0000000000|0000000000|0000000000|0000000000|0000000000|0000220000|0000292000|0000222000|0000000000|0000000000|
25ff71a9_0,|000|200|200| |000|020|020| |000|202|202|
25ff71a9_1,|000|000|010| |000|101|111| |000|000|001|
c0f76784_0,|000000000000|055555000000|058885000000|058885000000|058885005550|055555005750|000000005550|000000000000|000055550000|000057750000|000057750000|000055550000| |000000000000|055555000000|058875000000|058875000000|058855005550|055555005850|000000005550|000000000000|000055550000|000058750000|000058850000|000055550000| |000000000000|055555000000|058885000000|058885000000|058885005550|055555005850|000000005550|000000000000|000055550000|000057750000|000057750000|000055550000|
62c24649_0,|110011|032230|330033|330033|032230|110011| |033330|230032|011110|011110|230032|033330| |310013|332233|102201|102201|332233|310013|
42a50994_0,|03000000003003|30000003333003|30000030000000|00300000033300|00300000003000|00000000000000|00000000000000|00003300000000|00000000003300|00000000000000|00003030000000|00030300000000|00033303300000|30030030000030|30300000000300|30000300000000|00330030000033| |03000000003003|30000003333003|30000030000000|00300000033300|00300000003000|00000000000000|00000000000000|00003300000000|00000000003300|00000000000000|00000000000000|00000000000000|00000000000000|30000000000030|30000000000300|30000300000000|00330030000033| |03000000003003|30000003333003|30000030000000|00000000033300|00000000003000|00000000000000|00000000000000|00000000000000|00000000000000|00000000000000|00003030000000|00030300000000|00033303300000|00030030000030|00300000000300|00000300000000|00000030000000|
3e980e27_0,|0000000000000|0800000000000|0100000000000|0000000880000|0000000088000|0000000008000|0000000000000|0000800000000|0000000000000|0000000000000|0000008000000|0000008008000|0000008088000| |0000000000000|0010030002000|0120000010000|0110000000000|0000000000000|0000000088880|0000000003800|0000000008000|0003300000000|0012100000000|0022002300000|0000008800000|0000000000000| |0000000000000|0010030032300|0120000033000|0110000000000|0000001000110|0000000388830|0003000033800|0003300008000|0011010000000|0002110000000|0000000300000|0001100000000|0000000000000|
a85d4709_0,|333|333|333| |222|444|222| |444|333|444|
6fa7a44f_0,|292292|852258|228822|228822|852258|292292| |292|852|228|228|852|292| |292292|258852|822228|822228|258852|292292|
f8c80d96_0,|4444445545|5555545545|5555545545|4445545545|5545545545|5545545545|4445545545|5555545545|5555545545|4444445545| |4444445555|5555545555|5555545555|4445545555|5545545555|5545545445|4445545555|5555545555|5555545555|4444445555| |4444445444|4444445444|5555445444|4445445444|4445445444|4445445444|4445445444|5555445444|4444445444|4444445444|
d43fd935_0,|0002000000|2002000000|0002000200|6002000000|0002000600|0006000000|6033000600|0033000600|0006000200|0006060000| |0002000000|2002000000|0002000200|6002000000|0000000600|0000000000|6033000000|0033000200|0000000200|0006060000| |0002000000|2000000000|0002000200|6002000200|0003000600|0003000200|6033000200|0033000200|0000000200|0006060000|
98cf29f8_0,|00000000000000000|00000000000000000|00000000000000000|03333300000000000|03333377770000000|03333377770000000|03333377777000000|03333300000000000|03333300000000000|03333300000000000|03333300000000000|00000000000000000| |00000000000000000|00000000000000000|00000000000000000|03333300000000000|03333300000000000|03333300000000000|03333300000777700|03333300000000000|03333300000000000|03333300000000000|03333300000000000|00000000000000000| |00000000000000000|00000000000000000|00000000000000000|03333300000000000|03333377770000000|03333377770000000|03333377770000000|03333300000000000|03333300000000000|03333300000000000|03333300000000000|00000000000000000|
1190e5a7_0,|111|111|111|111|111| |111|111|555|111|111|
810b9b61_0,|000000011111|033330010001|030030010001|033330010001|000000011011|000000000000|011000000000|000033333000|010030003001|000030003000|000033333000|000000000000| |000000031333|033310030001|030030030003|033330030003|000000033013|000000000000|011000000000|000011111000|010010001001|000010001000|000011111000|000000000000| |000000011111|013330010001|010030010001|013330010001|000000011011|000000000000|033000000000|000033111000|030030001001|000030001000|000033111000|000000000000|
28e73c20_0,|333333333333333333|333333030333303033|333333333333300003|333333033333303333|033333333330300003|333333333333333333|303033333330303003|333333333333333333|333333333333333333|303030030330303003|333333333333333333|033000030330300003|333333333333303333|333033330330333303|333303030330303033|333333333333333333|333333333333333333|333333333333333333| |333333333333333333|000000000000033003|330000000000000003|333333333333333003|333333333333333003|333333333333333003|330033333333333003|333333333333333003|333030333033333003|333033333033333003|333030303033333003|333030333333333003|333030000030333003|333033333333333003|333000000000303003|000000000000000003|000000000000000003|333333333333333333| |333333333333333333|000000000000003003|333333000000000003|330000000000000003|333333333333330003|330000000000030003|330033333333030003|330030000003030003|330030333003030003|330030333003030003|330030300003030003|330030333333030003|330030000000030003|330033333333330003|330000000000000003|000000000000000003|000000000000000003|333333333333333333|
1e0a9b12_0,|00000|00000|50000|52040|52643| |02040|52046|66666|52646|52643| |00000|52040|52640|55540|25664|
484b58aa_0,|81261211131251291281261221231|18215915358915151918215912218|53182153328189323153182126158|51291233131221131251291281261|15212915315912311915212918215|89125153182126253189125153182|21231251291281131221231251291|12218915212918331912218915212|26158189125153182126158189125|81261221231251291281261221231|18215912218915212918215912218|53182126158189125153182126158|51191281261221131251291281261|15132918215915338915212918215|89355153182126158189125153182|21181251291281261221231251291|12111915212918215912218915212|26153189125153182126158189125|81231221231251291281261221231|18215912218915212918215912218|53182126158189125153182126158|51291281261221231251291281261|15212918215912218915212918215|89125153182126158189125153182|21231251291281261221231251291|12218915212918215912218915212|26158189125153182126158189125|81261221231251291281261221231|18215912218915212918215912218| |18215912218915212918215912218|21215251291281261221231251291|12182915212918215912218915212|26191189125153182126158189125|81212221231251291281261221231|18215912218915212918215912218|53182126158189125153182126158|51291281261221231251291281261|15212918215912218915212918215|89125153182126158189125153182|21231251291281261221231251291|12218915212918215912218915212|26158189125153182126158189125|81261221231251291281261221231|18215912218915212918215912218|21215251291281261221231251291|12182915212918215912218915212|26191189125153182126158189125|81212221231251291281261221231|18215912218915212918215912218|53182126158189125153182126158|51291281261221231251291281261|15212918215912218915212918215|89125153182126158189125153182|21231251291281261221231251291|12218915212918215912218915212|26158189125153182126158189125|81261221231251291281261221231|18215912218915212918215912218| |81261291231251291281261221231|18215912318915912918215912218|53182123128189123153182126158|51291231231221231251291281261|15212912315912312915212918215|89125153182126123189125153182|21231251291281231221231251291|12218915212918312912218915212|26158189125153182126158189125|81261221231251291281261221231|18215912218915212918215912218|53182126158189125153182126158|51291281261221231251291281261|15912918215912318915212918215|89125153182126158189125153182|21261251291281261221231251291|12612915212918215912218915212|26123189125153182126158189125|81231221231251291281261221231|18215912218915212918215912218|53182126158189125153182126158|51291281261221231251291281261|15212918215912218915212918215|89125153182126158189125153182|21231251291281261221231251291|12218915212918215912218915212|26158189125153182126158189125|81261221231251291281261221231|18215912218915212918215912218|
d0f5fe59_0,|08000|00800|00080|80008|08000| |00000|00000|00000|80008|08000| |88000|88000|00800|00088|00088|
f1cefba8_0,|000000800080000000|000000800080000000|000000800080000000|011111111111111000|011111111111111000|011888188818811000|011888188818811000|011888188818811000|011888188818811000|811111111111111888|011888188818811000|011888188818811000|011888188818811000|011888188818811000|011111111111111000|011111111111111000|000000800080000000|008000800080000000|008000800080000000| |000000000000000000|000000000000000000|000000000000000000|011111111111111000|011111011101111000|011000000000011000|011000000000011000|011000000000011000|011000000000011000|010000000000011000|011000000000011000|011000000000011000|011000000000011000|011000000000011000|011111111111111000|011111111111111000|000000000000000000|000000000000000000|000000000000000000| |008000800080000000|008000800080000000|008000800080000000|011111111111111000|011111111111111000|011888188818811000|011888188818811000|011888188818811000|011888188818811000|811111111111111888|011888188818811000|011888188818811000|011888188818811000|011888188818811000|011111111111111000|011111111111111000|008000800080000000|008000800080000000|008000800080000000|
0ca9ddb6_0,|000000000|000000000|044400000|002400000|040400000|000000000|000000404|000000420|000000444| |000000000|000000700|040407170|002000700|040400000|000008000|440000004|060000020|040000404| |000000000|000000700|044407170|002400700|040400000|000008000|000000404|060000420|000000444|
8731374e_0,|87878787|87288888|87878787|88888888|87878787|82888888|87878787|88888888|87878787|88888888| |88181881|88181881|11111111|88181881|11111111|88181881|11111111|88181881|88188188|88188188| |37888818|37181118|37788778|37781778|87788778|87788778|87781778|87788778|87181118|87788778|
e48d4e1a_0,|0000000000|0000000000|0808000000|0000000000|0000000000|8888888888|0000000000|0000000000|0808000000|0000000000| |0080000000|0080000000|0080000000|0080000000|0080000000|8888000000|0888880000|0080800000|0080000000|0080000000| |8000000000|8000000000|8000000000|8000000000|8000800000|8000000000|8888000000|8000000000|8000000000|8000000000|
b190f7f5_0,|0303030300000000|3030303000000000|0000000020202020|0000000002020202|0000000020202020|0000000022222222|0303030300000000|3333333300000000|0000000008080808|0000000080808080|8080808080808080|0808080808080808|8080808000000000|8888888800000000|0808080808080808|8888888888888888| |0330000000000110|3333000000001111|3003000000001001|3333000000001111|0000022002200000|0000222222220000|0000200220020000|0000222222220000|0000022002200000|0000222222220000|0000200220020000|0000222222220000|0330000000000330|3333000000003333|3003000000003003|3333000000003333| |333000000000111|303300000001101|303300000001101|333030000000111|000022202220000|000020222020000|000020222020000|000022202220000|000022202220000|000020222020000|000020222020000|333000000000333|333000000000333|303300000003303|303300000003303|
8d510a79_0,|0001001000|0201001020|0200001020|0200000020|5555555555|2000020000|2000020000|2010020000|2010000000|0010000010| |0000001000|0201001020|0200001020|0200000020|5555555555|0000020000|0000020000|0010020000|2010000000|0010000010| |0001001000|0201001020|0200001000|2200000000|5555555555|2000000000|2000020000|2010020000|2010000010|0010000010|
4290ef0e_0,|661111166|633613666|136613661|166614111|111613111|133633111|166614111|666611111|661111111| |331336606|366133606|168883101|318031101|338333101|633133606|661116606|000000000|661116606| |111111111|133313331|134414131|131888131|111818112|131888131|131114131|133313331|111111111|
9af7a82c_0,|18234|18230|18200|18000|10000|10000| |12334|12330|12330|12000|10000|10000| |12334|12330|12230|12000|12000|10000|
c444b776_0,|00000000040000000004000000000|00003000040000300004000030000|02000002040200000204020000020|03000002040300000204030000020|00002000040000200004000020000|00000000040000000004000000000|00600000040060000004006000000|00000000040000000004000000000|00000060040000006004000000600|44444444444444444444444444444|00000000040000000004000000000|00000000040000000004000000000|00003000040000000004000030000|02000002040000000004020000020|03000002040000000004030000020|00002000040000000004000020000|00000000040000000004000000000|00600000040000000004006000000|00000000040000000004000000000| |00000000040000000004000000000|00003000040000300004000030000|02000002040200000204020000020|03000002040300000204030000020|00002000040000200004000020000|00000000040000000004000000000|00600000040060000004006000000|00000000040000000004000000000|00000060040000006004000000600|44444444444444444444444444444|00000000040000000004000000000|00000000040000000004000000000|00003000040000300004000030000|02000002040200000204020000020|03000002040300000204030000020|00002000040000200004000020000|00000000040000000004000000000|00600000040060000004006000000|00000000040000000004000000000| |00000000040000000004000000000|00000000040000300004000000000|00000000040200000204000000000|00000000040300000204000000000|00000000040000200004000000000|00000000040000000004000000000|00000000040060000004000000000|00000000040000000004000000000|00000000040000006004000000000|44444444444444444444444444444|00000000040000000004000000000|00000000040000000004000000000|00000000040000000004000000000|00000000040000000004000000000|00000000040000000004000000000|00000000040000000004000000000|00000000040000000004000000000|00000000040000000004000000000|00000000040000000004000000000|
4c5c2cf0_0,|000000000000000|000000000000000|000000000000000|000000000000000|000000000000000|000000000000000|000000000000000|000000700000000|000000070000000|000007700000000|070707700707000|007070000000000|000000000007000|000000700707000|000000000000000| |000000000000000|000000000000000|000000000000000|000000000000000|000000000000000|000000000000000|000007070707070|000000700070007|000007070407070|000000044040000|000007074707070|000000704470000|000007040707070|000000040000000|000000000000000| |000000000000000|000000000000040|000000000000000|000000000400000|000000000000000|000000040000040|000007070000000|000000700000000|000007070070000|000040044000000|004000004070000|004400000470000|000000700000000|000000000000040|000000000000000|
1fad071e_0,|11100| |2|2|2|2|0| |11110|
9f236235_0,|1131|0030|2032|0030| |02001|03330|00880|00881|02080| |0201|3333|0001|0201|
b7249182_0,|000700000|000700000|000700000|000700006|000000000|000000000|000000000|000000000|000000000|000000000|000000000|000000000|000000000|000000000|000700000|000700000|000600000|000700000|000700000| |000000000|000000000|000000000|070007000|000000000|000000000|000000000|000000000|000000000|000000000|000000000|000000000|000000000|000000000|000000000|000000000|000000000|000000000|000000000| |000000000|000000000|000000000|000060000|000000000|000000000|000000000|000000000|000000000|000000000|000000000|000000000|000000000|000000000|000000000|000000000|000000000|000000000|000000000|
25d487eb_0,|00008000000|00008000000|00008000000|00008000000|00008000000|00008000000|00008000000|00008000000|00008000000|00008000000|00008000000|00004000000|00044400000|00444440000|04448444000|00000000000| |00000000000|00000000000|00000000000|00000000000|00000000000|00000000000|00000000000|00000000000|00000000000|00000000000|00000000000|00004000000|00004000000|00044400000|04448444000|00008000000| |00000000000|00000000000|00000000000|00000000000|00008000000|00008000000|00008000000|00008000000|00008000000|00008000000|00008000000|00004000000|00044400000|00444440000|04448444880|00000000000|
137eaa0f_0,|995|589|450| |044|959|422| |994|959|422|
1a07d186_0,|00002000000300000000400000|00002000000300000000400000|00002400008380000000400000|00002000000300000000400000|00002000000300000000400000|00002000000300000000400000|00002000000300000000400000|00002000000380000000400000|00002000000300000000400000|00002000000330000000400000|00022000000300000000400000|00002000000300000000400000|00002000000300000000400000|00002000000300000000400000|00002000000300000000400000|00002000003300000000440000|00002000000300000000400000|00002000000300000000400000|00002000000300000000400000| |00000000000000000000000000|00000000000000000000000000|00000000000000000000000000|00000000000000000000000000|00000000000000000000000000|00000000000000000000000000|00000000000000000000000000|00000000000000000000000000|00000000000000000000000000|00000000000000000000000000|00000000000000000000000000|00000000000000000000000000|00000000000000000000000000|00000000000000000000000000|00000000000000000000000000|00000000000000000000000000|00000000000000000000000000|00000000000000000000000000|00000000220000000000000300| |00000000000000000000000000|00000000000000000000000000|00000000000000000000000000|00000000000000000000000000|00000000000000000000000000|00000000000000000000000000|00000000000000000000000000|00000000000000000000000000|00000000000000000000000000|00000000000000000000000000|00000000000000000000000000|00000000000000000000000000|00000000000000000000000000|00000000000000000000000000|00000000000000000000000000|00000000000000000000000000|00000000000000000000000000|00000000000000000000000000|00000000000000000000000000|
d4469b4b_0,|555|050|550| |555|050|050| |050|555|050|
d4469b4b_1,|555|050|050| |555|050|000| |050|050|555|
3428a4f5_0,|30303|00030|00003|30033|33030|03000|00000|00000|00000|00000| |00003|00000|00003|30033|33300|03330|00000|00000|00000|00000| |30303|00030|00003|30033|33030|03000|
3428a4f5_1,|03303|33030|00300|00330|33033| |33000|33033|00330|00030|03333| |03303|33030|00300|30330|33033|
6b9890af_0,|22222222222222|20000333300002|20000033000002|20000033300002|20000033300002|23000000000032|23333000033032|23333000033032|23003000003032|20000033300002|20000033300002|20000000000002|20000333300002|22222222222222| |22222222222222|20000333300002|20000333300002|20000033000002|20000033000002|23300000000332|23333000033332|23333000033332|23300000000332|20000033000002|20000033000002|20000333300002|20000333300002|22222222222222| |22222222222222|20000333300002|20000333300002|20000333300002|20000333300002|23333000033332|23333000033332|23333000033332|23333000033332|20000333300002|20000333300002|20000333300002|20000333300002|22222222222222|
1cf80156_0,|006666|006000|606000|666600|
50cb2852_0,|0111110000000|0188810011100|0188810018100|0111110011100|0000000000000|0022222200000|0028888200000|0028888203333|0028888203883|0028888203883|0022222203883|0000000003883|0000000003883|0000000003333| |1111100000000|1888100000000|1888100003330|1888100003830|1888100003330|1888100000000|1111100000000|0000000000000|0000002222220|0000002888820|0000002888820|0000002888820|0000002222220|0000000000000| |0000000000000|0222200000002|0288200000002|0288200000002|0222200000002|0000000000000|0000000000000|0011111100000|0018888100000|0011111100000|0000000000000|0000000000000|0000000000000|0000000000000|
a5313dff_0,|002222200|002111200|002111200|222222200|211120000|212120000|211122222|222220000|000020000| |000000000|022222000|021112000|021212000|021112000|022222000|000000000|000000000|000000000| |211121120|222221120|211121120|212122220|211120000|222220000|000022222|000020002|000020202|
eb5a1d5d_0,|222222222|211111112|213333312|213888312|213828312|213888312|213333312|211111112|222222222|
272f95fa_0,|000822228000000|000822228000000|000822228000000|000822228000000|000822228000000|000822228000000|888888888888888|444866668333333|444866668333333|444866668333333|444866668333333|444866668333333|444866668333333|888888888888888|000811118000000|000811118000000|000811118000000| |000822228000000|000822228000000|000822228000000|000822228000000|000822228000000|000822228000000|888888888888888|444866668333333|111811118136666|111811118136666|111811118136666|111811118136666|111811118136666|888888888888888|000888888000000|000811118000000|000811118000000| |000822228000000|000822228000000|000822228000000|000822228000000|000822228000000|000822228000000|888888888888888|444866668333333|111811118136666|111811118136666|111811118136666|111811118136666|111811118136666|888888888888888|000822228000000|000822228000000|000822228000000|
b2862040_0,|119999999999999|999999999991999|999888889991999|999989989991999|999989989991999|999988889991991|999999989991111|111199989991991|199199999999991|199199999999911|119999999999999|999999999999999|999888888999119|999899998999919|999899998999919|999888888899919| |119999999999999|999999999998999|999888889998999|999989989998999|999989989998999|999988889998998|999999989998888|888899989998998|899899999999998|899899999999988|889999999999999|999999999999999|999888888999889|999899998999989|999899998999989|999899998999989| |119999999999999|999999999991999|999888819991999|999989919991999|999989919991999|999988819991991|999999919991111|111199919991991|199199999999991|199199999999911|119999999999999|999999999999999|999111111999119|999199911999919|999199911999919|999111111199919|
f15e1fac_0,|00000000000000000|00000000000000000|00000000000000008|00000000000000000|00000000000000000|00000000000000008|00000000000000000|00000000000000000|00000000000000008|00000000000000000|00000000000002222|00200020222220000| |00800080000000000|00800080000000000|08800880000000008|08800880000000000|08800880000000000|08808800000000008|08808800000000000|00000000000000000|00000000000000008|00000000000000000|00000000000000008|00200008000000000| |08000800000800000|08000800000800000|08800880000800008|08800880000820000|08800888000020000|08880888000828008|08880888000828000|08888888800828000|08888888880828008|08888888880828000|08888888880828088|08888888880828088|
53b68214_0,|0000600000|0006000000|0000600000|0006000000|0000600000|0006000000|0000600000|0006000000|0006600000|0000600000| |0000600000|0006000000|0000600000|0006000000|0000600000|0006000000|0000600000|0006000000|0000600000|0000000000| |0000600000|0006000000|0000600000|0006000000|0000600000|0006000000|0000600000|0000600000|0006000000|0000600000|
53b68214_1,|0888000000|0808000000|0888000000|0808000000|0888000000|0808000000|0888000000|0808000000|0888000000|0808000000| |0888000000|0808000000|0888000000|0808000000|0808000000|0888000000|0808000000|0888000000|0888000000|0808000000| |0888000000|0808000000|0888080000|0808080000|0888088800|0888000000|0888088800|0888080800|0888088800|0888080800|
2dc579da_0,|111111|111111|111111|111111|111111|111111| |111111|111111|111111|121111|111111|111111| |111111|111111|112211|111211|111111|111111|
63613498_0,|0005000600|2225000660|0025000600|5555030000|0000030000|0000033000|8880000040|8000000040|0000555040|0000005000| |0005000600|2225000660|0025000600|5555030000|0000030000|0000033000|8880000040|8000000040|0000855040|0000005000| |0005000500|2225000550|0025000500|5555050000|0000050000|0000055000|8880000050|8000000080|0000775080|0000005000|
be94b721_0,|333|333|303|303| |333|333|333|333|
f8ff0b80_0,|3|3|3| |163|163|133| |111|363|333|
90f3ed37_0,|0000000000|0088888888|8800000000|0088888888|0000000000|0000000000|0000000000|0001111111|0008811111|0000000000|0008811111|0011111111|0000000000|0000000000|0000000000| |0000000000|0088888888|8810000000|0088888888|0000000000|0000000000|0000000000|0000000000|0008811110|8881111111|0008811111|0000000000|0000000000|0000000000|0000000000| |0000000000|0000000000|8811111111|0000000000|0000000000|0000000000|0000000000|0000000000|0000000000|8881111111|0000000000|0000000000|0000000000|0000000000|0000000000|
868de0fa_0,|00000000000011111000|00000000000012221000|01111111100012221000|01777722100012221000|01777772100011111000|01777777100000000000|01777777100000000000|01777777101111111111|01777777101222222221|01111111101222222221|00000000001222222271|01111111001222222271|01777771001222222221|01777771001222222221|01777771001222222221|01772221001222222221|01777771001111111111|01111111000000000000|00000000000000000000|00000000000000000000| |00000000000011111000|00000000000017771000|01111111100012221000|01777777100012221000|01777777100011111000|01777777100000000000|01777777100000000000|01777777101111111111|01777777101222222221|01111111101222222221|00000000001222222221|01111111001222222221|01777771001222222221|01777771001222222221|01777771001222222221|01777771001222222221|01777771001111111111|01111111000000000000|00000000000000000000|00000000000000000000| |00000000000011111000|00000000000012221000|01111111100012221000|01777777100012221000|01777777100011111000|01777777100000000000|01777777100000000000|01777777101111111111|01777777101222222221|01111111101222222221|00000000001222222221|01111111001222222221|01777771001222222221|01777771001222222221|01777771001222222221|01777771001222222221|01777771001111111111|01111111000000000000|00000000000000000000|00000000000000000000|
90c28cc7_0,|241|838|242|
dae9d2b5_0,|666|660|660| |666|666|660| |666|060|660|
dae9d2b5_1,|066|666|600| |066|660|600| |066|666|660|
6430c8c4_0,|0000|3000|0300|0003| |0000|3000|0330|0303| |0000|3000|0303|0303|
6d0aefbc_0,|686686|868868|161161|161161|868868|686686| |686686|868868|161161| |161161|868868|686686|686686|868868|161161|
445eab21_0,|33|33|
dbc1a6ce_0,|000000018818881000000|001000000080008000000|000000000010008000000|000000000080008000010|000000000180008000000|010000000880008000000|080000100880008000000|010000800880008000000|080000800810008000000|080000800801008000000|080000800800018000000|080000800800008000000|080000800100008000000|080000800000008000000|080000188888881000000|080000000000000000000|010000000000000000000|080000000000000000000|018100000000000000000| |000000000000000000000|000000000000000000000|000000000000000000000|000000000000000000000|000000000000000000000|000000000000000000000|000000000000000000000|000000000000000000000|000000000000000000000|000000000000000000000|000000000000000000000|000000000000000000000|000000000000000000000|000000000000000000000|000000000000000000000|000000000000000000000|000000000000000000000|000000000000000000000|000000000000000000000| |000000018818881000000|001000000080008000000|000000000010008000000|000000000080008000010|000000000180008000000|010000000880008000000|080000100880008000000|010000800880008000000|080000800810008000000|080000800801000000000|080000800800010000000|080000800800000000000|080000800100000000000|080000800000000000000|080000188888881000000|080000000000000000000|010000000000000000000|080000000000000000000|018100000000000000000|
85c4e7cd_0,|55555555555555|56666666666665|56666666666665|56677777777665|56673333337665|56673222237665|56673288237665|56673288237665|56673222237665|56673333337665|56677777777665|56666666666665|56666666666665|55555555555555| |55555555555555|56666666666665|56677777777665|56777777777765|56773333337765|56773222237765|56773288237765|56773288237765|56773222237765|56773333337765|56777777777765|56677777777665|56666666666665|55555555555555| |55555555555555|56666666666665|56677777777665|56773733337765|56733733337765|56777722237765|56733288237765|56733288237765|56733222237765|56733333337765|56777777777765|56677777777665|56666666666665|55555555555555|
0a938d79_0,|000000000000000000000000000|000033333333333333333333333|000000000000000000000000000|003333333333333333333333333|000000000000000000000000000|333333333333333333333333333|000000000000000000000000000|444444444444444444444444444|000000000000000000000000000|333333333333333333333333333|000000000000000000000000000| |000000000000000000000000000|000000000000000000000000000|000000000000000000000000000|000000000000000000000000000|000000000000000000000000000|333333333300000000000000000|000000000000000000000000000|444444444400000000000000000|000000000000000000000000000|333333333300000000000000000|000000000000000000000000000| |000003000040400003040000404|000003000040400003040000404|000003000040400003040000404|000003000040400003040000404|000003000040400003040000404|000003000040400003040000404|000003000040400003040000404|000003000040400003040000404|000003000040400003040000404|000003000040400003040000404|000003000040400003040000404|
444801d8_0,|4444400000|1141100000|1444100000|1444100000|1111100000|0000777770|0000117110|0000177710|0000177710|0000111110| |0444440000|1141140000|1444170000|1444170000|1111170000|0000000000|0000117110|0000177710|0000177710|0000111110| |4444400000|1141100000|1444170000|1444170000|1111170000|0000477770|0000117110|0000177710|0000177710|0000111110|
7f4411dc_0,|0000000000|0000000000|0888000000|0888000000|0000000000|0000888888|0000888880|0000888880|0000000000|0000000000| |0000000000|0000000000|0000000000|0000000000|0000000000|0000888880|0000888880|0000888880|0080000000|0000000000| |0000000000|0000000800|0888000000|0888000800|0000000000|0000000000|0000000000|0000000000|0080000000|0000000000|
05269061_0,|2142142|1421421|4214214|2142142|1421421|4214214|2142142| |2142142|1421421|4214214|2142142|1421424|4214244|2142442| |4144144|1441441|4414414|4144144|1441441|4414414|4144144|
db3e9e38_0,|878787878|878787878|078787878|008787878|000787870|000087800|000007000|000000000|000000000| |878787878|778787878|088787878|007787878|000887870|000077800|000007000|000000000|000000000| |888787878|878787878|078787878|008787878|000788880|000087800|000007000|000000000|000000000|
a48eeaf7_0,|0000000000|0000000000|0000000000|0000000000|0000000000|0050500000|0022500000|0022500000|0055000000|0000000000| |0000000000|0000000000|0000000000|0000000000|0000000000|0055500000|0022500000|0022000000|0050000000|0000000000| |0000000000|0000000000|0000000000|0000000000|0000000000|0050500000|0022000000|0022000000|0550000000|0000000000|
5117e062_0,|077|777|070| |700|770|077| |000|700|770|
23581191_0,|070080000|878888888|070080000|070080000|070080000|070080000|777727777|070070000|070080000| |070080000|828888888|070080000|070080000|070080000|070080000|777727777|070080000|070080000| |070080000|878888888|020080000|070080000|070080000|070080000|777787777|070080000|070080000|
150deff5_0,|00880228000|00880020000|08882220000|00002880000|00028800000|00000280000|00000220000|00000000000| |00880228000|00880020000|08888820000|00008820000|00028800000|00000880000|00000220000|00000000000| |00880222000|00880020000|08882220000|00002220000|00028800000|00000820000|00000220000|00000000000|
ecdecbb3_0,|0008880000088000000|0008280000082822000|0028280000082000000|0008880000088000000|0000800000008000000|0000800000008000000|0000800000008000000|0008880002088000000|0008282222282000000|0008880002088000000|0000800000008000000|0000800000008000000|0000800000008000000|0008880000088000000|0008280000082000200|0008880000088000000|0000800000008000000| |0000000000000000000|0000000000000000000|2220200000002000000|0000200000002000000|0000200000002000000|0000200000002000000|0000200000002000000|0000200002002000000|0000200222002000000|0000200002002000000|0000200000002000000|0000200000002000000|0000200000002000000|0000200000002000000|0000200000002000220|0000000000000000000|0000000000000000000| |0000000000000000000|8200000000000000000|8200000000000000000|8200000000000000000|8200000000000000000|8200000000000000000|8200000000000000000|8200000828000000000|8200000888000000000|8200000020000000000|8200000020000002000|8200000020000002000|8200000020000000000|8200000888000000000|8200000020000000000|8200000020000000000|8880000888000000000|
bda2d7a6_0,|000000|011110|019910|019910|011110|000000| |111111|191191|190091|190091|199991|111111| |111111|199991|190091|190091|199991|111111|
bda2d7a6_1,|00000000|03333330|03333330|03300330|03300330|03333330|03333330|00000000| |77777777|73333337|73777737|73766737|73766737|73777737|73333337|77777777| |00000000|03333330|03777730|03766730|03766730|03777730|03333330|00000000|
4093f84a_0,|00000550000000|00005555000000|00000550000000|00005550000000|00005550000000|00000550000000|00000555000000|00000550000000|00000550000000|00000550000000|00000550000000|00005550000000|00000550000000|00000550000000| |00000555000000|00005555500000|00000550000000|00005550000000|00005550000000|00000550000000|00000550500000|00000550000000|00000550000000|00000550000000|00000550000000|00005555500000|00000550000000|00000555500000| |00000550000000|00005550000000|00000550000000|00005550000000|00005550000000|00000550000000|00000550000000|00000550000000|00000550000000|00000550000000|00000550000000|00005550000000|00000550000000|00000550000000|
f35d900a_0,|000000000000000000|000000000000000000|000000000000000000|011100000004440000|014150505054140000|011100000004440000|005000000000500000|000000000000000000|005000000000500000|000000000000000000|000000000000000000|005000000000500000|000000000000000000|005000000000500000|044400000001110000|041450505051410000|044400000001110000| |000000000000000000|000000000000000000|000000000000000000|011100000004440000|014150505054140000|011100000004440000|005000000000500000|000000000000500000|005000000000500000|000000000000500000|000000000000500000|005000000000500000|000000000000500000|005000000000500000|044400000001110000|041450505051410000|044400000001110000| |000000000000000000|000000000000000000|000000000000000000|011100000004440000|014150505054140000|011100000004440000|005000000000000000|000000000000000000|005000000000000000|000000000000000000|000000000000000000|005000000000000000|000000000000000000|005000000000000000|044400000001110000|041450505051410000|044400000001110000|
cdecee7f_0,|535|531|000| |529|533|193| |529|639|443|
ff28f65a_0,|101|010|000| |101|000|000| |100|010|000|
ff28f65a_1,|101|010|100| |101|000|000| |101|010|000|
ff28f65a_2,|101|010|100| |101|000|000| |101|010|000|
beb8660c_0,|00000000|00000000|00000000|00000009|00000077|00000666|00001111|00044444|00333333|02222222|88888888| |00000000|00000000|00000000|00000001|00000021|00000727|00003333|00044222|00333322|02222222|88888888| |00000000|00000000|00000000|00000001|00000071|00000777|00002227|00022772|00222666|06922111|88888444|
de1cd16c_0,|2|
963e52fc_0,|000000000000000000|311311311311311311|311311311311311311|000000000000000000|000000000000000000| |000000000000000000|311311311111311311|311311311111311311|000000000000000000|000000000000000000| |000000000000000000|311311311131313131|311311311111131131|000000000000000000|000000000000000000|
ce4f8723_0,|3330|3030|0303|3330| |3033|3030|3300|3033| |3333|3030|0300|3033|
ae4f1146_0,|118|811|118| |818|188|111| |811|118|811|
4c4377d9_0,|4499|4444|4499|4499|4444|4499| |9944|4444|9944|9944|4444|9944| |4944|9944|4444|4444|9944|4944|
8e1813be_0,|2222222|3337773|8886668|4444444|6666666|1111111|7777777| |2222222|3333333|8888888|4444444|6666666|1111111|7777777| |2225222|3335333|8885888|4444444|6666666|1111111|7777777|
228f6490_0,|0055555002|2057775000|0055755000|0055555000|0055555002|0000020200|0000000000|0005555555|0205444555|2005555555| |0055555002|2054445000|0055455000|0055555000|0055555002|0000020200|0000000000|0005555555|0205777555|2005555555| |0055555002|2054445000|0055455000|0055555000|0055555002|0000020200|0000000000|0005555555|0205444555|2005555555|
7ddcd7ec_0,|0000000000|0000000000|0000008000|0000088000|0008800000|0008800000|0080008000|0880008008|0000000080|0000000800| |0000000000|0000000000|0000000000|0000080000|0008800000|0008000800|0000000000|0000000000|0000000000|0000000000| |0000000080|0000000800|0000008000|0000080000|0008800000|0008800000|0080080000|0800000000|8000000080|0000000000|
b9b7f026_0,|8|
dc0a314f_0,|55525|22555|52258|55255|96645| |88585|99855|59954|29926|99956| |55585|95855|92954|29926|99956|
f5b8619d_0,|80388038|80888088|80838083|30883088|80388038|80888088|80838083|30883088| |80388038|80388038|80838083|30883088|80388038|80388038|80838083|30883088| |80388038|80838083|80838083|30883088|80388038|80838083|80838083|30883088|
1e32b0e9_0,|00000900000900000|04440904490909990|04040909090909090|04440909990909990|00000900000900000|99999999999999999|00000900000900000|09490909990909990|04040909090909090|09490904490909990|00000900000900000|99999999999999999|00000900000900000|09990909990909990|09090904040909090|09990909990909990|00000900000900000| |00000900000900000|00400900400900900|04040909090909090|00400900900900900|00000900000900000|99999999999999999|00000900000900000|00400900900900900|04040909090909090|00400900400900900|00000900000900000|99999999999999999|00000900000900000|00900900900900900|09090904040909090|00900900900900900|00000900000900000| |00000900000900000|00400900400900900|04040909090909090|00400900900900900|00000900000900000|99999999999999999|00000900000900000|00400909990900900|04040909090909090|00400904490900900|00000900000900000|99999999999999999|00000900000900000|00900900900900900|09090904040909090|00900900900900900|00000900000900000|
0520fde7_0,|202|000|000| |000|000|000| |020|202|020|
e509e548_0,|0101000000002000|0101000000006000|0111000000006620|0000000000002020|0000006600000060|0000006000000000|0006666600666000|0000000000006000|0000000006666000|0000000000000000|0000000000010000|0222222000060000|0000002000066600|0000002000000000| |0101000000001000|0601000000001000|0611000000001110|0000000000001010|0000006600000010|0000006000000000|0006666600666000|0000000000006000|0000000006666000|0000000000000000|0000000000060000|0111222000060000|0000002000066600|0000002000000000| |0101000000001000|0606000000006000|0116000000001110|0000000000001010|0000006600000010|0000002000000000|0002222200111000|0000000000002000|0000000002222000|0000000000000000|0000000000010000|0611111000010000|0000001000062200|0000002000000000|
508bd3b6_0,|000803002000|000080000000|000000000000|000000000000|000000000000|000000000000|000000000000|000000000000|000000000000|000000000000|000000002000|000000002200| |000803002222|000080002002|000300002002|003000002002|030000002002|200000002002|000000002002|000000002002|000000002002|000000002002|000000002002|000000002222| |000800002222|000080002222|000000002222|000000002222|000000002222|000000002222|000000002222|000000002222|000000002222|000000002222|000000002222|000000002222|
ec883f72_0,|000030440300|000030440300|000030440300|000030000300|000033333300|004400000044|000000000004|000000000000|000000000000|000000000000|000000000000|000000000000| |000030440300|000030440300|000030440300|000030000300|000033333300|000400000040|404000000000|404000000000|000000000000|000000000000|000000000000|000000000000| |400030440300|000030440300|000030440300|004430000344|000030030300|444400000044|444000000000|330000000000|300000000000|000000000000|000000000000|000000000000|
44f52bb0_0,|7| |1|
44f52bb0_1,|7| |1|
f2829549_0,|303|000|033|000| |003|000|033|000| |303|000|303|000|
10fcaaa3_0,|8300883008|8380083800|8080880808|0003000030|8088880888|8380803000|8300883008|8388883880|8080880808|0003000030|8880888808|8300003000| |8300883008|0800008000|8088888808|0803008030|0000000000|0388083800|8308883088|0800008000|8880888808|0803008030|0000000000|0300883880| |8300083000|8880088800|0088800888|0003800038|8080880808|0300003000|8300083000|8880088800|0088800888|0003800038|8080880808|0300003000|
aedd82e4_0,|2201|0200|0010|1000|0011| |2202|0200|0010|1000|0011| |2202|0200|0010|2000|0022|
bbc9ae5d_0,|111000000000|111100000000|111110000000|111111000000|111111100000|111111110000| |111000000000|111100000000|101110000000|000111000000|000011100000|000001110000| |110000000000|110000000000|111100000000|111100000000|111111000000|111111000000|
91714a58_0,|0000000000000000|0000000000000000|0000000000000000|0000000000000000|0000000000000000|0000000000000000|0000000000000000|0000000000000000|0000000000000000|0000000000000000|0000055555500000|0000055555500000|0000050000000000|0000000000000000|0000000000000000|0000000000000000| |0000000000000000|0000000000000000|0000000000000000|0000000000000000|0000000000000000|0000000000000000|0000000000000000|0000000000000000|0000000000000000|0000000000000000|0000055500000000|0000055500000000|0000051300000000|0000000000000000|0000000000000000|0000000000000000| |0000000000000000|0000000000000000|0000000000000000|0000000000000000|0000000000000000|0000000000000000|0000000000000000|0000000000000000|0000000000000000|0000000000000000|0000050000000000|0000055555500000|0000050000000000|0000000000000000|0000000000000000|0000000000000000|
fcc82909_0,|0000000000|1100002900|2100001600|3304707700|3308404400|0003300000|0003300000|3300003300|3300003300|0000000000| |0000000000|1100002900|2100001600|3304707700|3308404400|3303000000|3303000000|3303003300|3303303300|3303303300| |0000000000|1133000000|2133000000|3333000000|3333000000|3333000000|3333000000|0033000000|0000000000|0000000000|
d5d6de2d_0,|0000000000|0300000000|0000000000|0000000000|0000000000|0033333300|0033333300|0033333300|0033333300|0000000000| |0000000000|0000000000|0033300000|0033300000|0033300000|0000000000|0000000000|0000000000|0000000000|0000000000|
d5d6de2d_1,|0000000000000000000000000|0000000000000000000000000|0033333000000000000000000|0000000000000000000000000|0000000000000000000000000|0000000000000000000000000|0000000000000000000000000|0000000000000000000000000|0000000000000000000000000|0000000000000000000000000|0000000000000000333333300|0000000000000000333333300|0000000000000000000000000|0000000000000000000000000|0000000000000000000000000|0000000000000000000000000|0000000000000000000000000|0000000000000000000000000|0000000000000000000000000|0033300000000000000000000|0033300000000000000000000|0033300000000000000000000|0033300000000000000000000|0000000000000000000000000|0000000000000000000000000| |0000000000000000000000000|0000000000000000000000000|0033300000000000000000000|0033300000000000000000000|0033300000000000000000000|0000000000000000000000000|0000000000000000000000000|0000000000000000000000000|0000000000000000000000000|0000000000000000000000000|0000000000000000000000000|0000000000000000000000000|0000000000000000000000000|0000000000000000000000000|0000000000000000000000000|0000000000000000000000000|0000000000000000000000000|0000000000000000000000000|0000000000000000000000000|0000000000000000000000000|0000000000000000000000000|0000000000000000000000000|0000000000000000000000000|0000000000000000000000000|0000000000000000000000000|
e9614598_0,|000000000000|000000000000|000003000000|010000300001|000003000000|000000000000|000000000000|000000000000|000000000000|000000000000|000000000000|000000000000| |000000000000|000000000000|000000000000|010000000001|000000000000|000000000000|000000000000|000000000000|000000000000|000000000000|000000000000|000000000000| |000000000000|000000000000|000330000000|010333333300|000300300000|000000000000|000000000000|000000000000|000000000000|000000000000|000000000000|000000000000|
e9614598_1,|000100|000000|000000|000300|000000|000000|000300|000000|000000|000000| |000100|000000|003000|003000|003000|000000|000100|000000|000000|000000| |000100|000000|000300|000300|003330|000000|000100|000000|000000|000000|
6f8cd79b_0,|888888|800008|800008|800008|800008|800008|888888| |888888|888888|800008|800008|800008|888888|888888| |888888|880088|800088|800088|800088|880088|888888|
3ac3eb23_0,|003000600700|030306067070|003000667700|030306667770|003006667770|030306667700| |003000606770|030306067770|003000667700|030606667070|006066660700|060606607070| |003000606760|030306066760|003000666700|030606666070|003066660700|060666607070|
25d8a9c8_0,|555|555|000| |000|555|555| |000|555|000|
7447852a_0,|2000244420002000240000000|4202024202024202020000000|4420002000244420000000000| |2000244420002440240020002|4202024202024242024202024|4420002000244420002000204| |2000244420002000240020002|4202024202024202020202020|4420002000244420002000200|
e50d258f_0,|2888|8818|1281| |288|881|128|888|111|111| |1282|8818|1281|8888|
e8593010_0,|3555551155|5553551525|5515555525|5115555555|2555552555|2553552511|5525555515|5525555553|2255551555|5555351153| |2555551155|5553551525|5515555525|5115555555|2555552555|2553552511|5525555515|5525555553|2255551555|5555351152| |3555551155|5553551525|5515555525|5515555555|2555552555|2553552511|5525555555|5525555553|2255551555|5555351153|
d22278a0_0,|40404040100000000|04444444100000000|44444444000000000|04444444100000000|44444444000000000|04444444100000000|44444444000000000|04444444100000000|11111111400000000|01111111000000000|11111110000000000|01111100000000000|11111000000000000|01110000000000000|88800000000000000|01800000000000000|80800000000000000| |40404440400040001|00404440040000001|44404440044000001|00000000000000000|44404440400000001|44404440000000001|44404440444000001|00000000000000000|88808880411011101|88808880111011101|88808880111011101|00000000000000000|88808880111011101|88808880111011101|88808880111011101|00000000000000000|80808880111011101| |40404040000000000|00404040404000000|44404440444000000|00000000000000000|44404440444000000|00404040404000000|44404440444000000|00000000000000000|88808880411011101|00808080101010100|88808880111011101|00000000000000000|88808880111011101|00808080101010100|88808880111011101|00000000000000000|80808080101010101|
9dfd6313_0,|503022|053000|005086|000580|000050|000005|
7468f01a_0,|11181111|18811111|11111111|11111888|11111111|11188811|11111111| |11118111|18811111|11111118|81111188|11111181|11188111|11188111| |11111111|11888111|11111111|88811111|11111111|11111881|11118111|
29623171_0,|44450005000|44450005000|44450005400|55555555555|00050005000|00050005000|00050005000|55555555555|00050445000|00054445000|00054405000| |00050405000|00054045000|00050405400|55555555555|00050005000|00050005000|00050005000|55555555555|04050005000|40450005000|04050005000| |00050005000|00050005000|00050005000|55555555555|00050005444|00050005444|00050005444|55555555555|00050005444|00050005444|00050005044|
e6721834_0,|444444444444|444444414444|484444444484|444444444444|484444444484|444444444444|442222222244|442888882214|442888814444|448222224444|443413444444|441111444444| |444444444444|444444444444|444444444444|444888884444|444848484444|444888844444|444444444444|488444444444|444444484844|488444488884|484444484844|444444444444| |444414224444|444441224444|444414224444|444414884444|444444444444|444444814444|444444224444|444444224444|444444884444|444484444444|444444444444|444444444444|
b27ca6d3_0,|0000000000000002|0000200000000000|0000000000000000|0000000000000202|0000000022000000|0000000000002000|0000000000000000|0022000000000000|0000033330000020|0000032030000020|2000030230000000|3333033332020000|3023200002000000|3203002200020200|3332003333000002|0000003203000000|0000003023000000| |0000000000000002|0000200000000000|0000000000000000|0000000000000202|0000000022000000|0000000000002000|0000000000000000|0022000000000000|0000033330000020|0000032030000020|2000030230000000|0003033332020000|0023200002000000|0203002200020200|0332003333000002|0000003203000000|0000000020000000| |0000000000000002|0000200000000000|0000000000000000|0000000000000202|0000000022000000|0000000000002000|0000000000000000|0022000000000000|0000033330000020|0000032030000020|2000030230000000|3333033332020000|3023200002000000|0203002200020200|0002003333000002|0000000203000000|0000000020000000|
681b3aeb_0,|882|822|888| |228|228|228| |222|222|222|
2dee498d_0,|02044|22044|02220|11022|11020|
e9afcf9a_0,|626262|262626|
23b5c85d_0,|666|666|666|
a740d043_0,|02|23| |22|23| |02|22|
9172f3a0_0,|000111000|000111000|000111000|000000666|000000666|000000666|666111000|666111000|666111000|
bd4472b8_0,|12348|55555|22222|33333|22222|88888|88888|22222|22222|22222|88888|88888| |12348|55555|22222|22222|22222|88888|88888|22222|22222|22222|88888|88888| |85555|45555|35555|25555|15555|15555|15555|15555|15555|15555|15555|15555|
9ecd008a_0,|455|555|555| |724|555|254| |692|866|264|
d07ae81c_0,|3313333333133333333|3331333331333333333|3333133313333333333|3333313133333313333|3333331333333333333|3333313133333333333|3333133313333333333|3331333331333333333|3313333333133333331|8883333338888888888|8883333338888888888|3333333333333131333|3333333333333313333|3333333333333131333|3333333333331333133|8883333338888888888|8883333338888888888| |0|
ae3edfdc_0,|000000000000000|000000000000000|000000000003000|000000000032000|000000000003000|000000000000000|000071700000000|000000000000000|000000000000000|000000000000000|000000000000000|000000000000000|000000000000000|000000000000000|000000000000000| |000000000000000|000000000000000|000000000000000|000000000032000|000000000003000|000000000000000|000000000000000|000000000000000|000000000000000|000000000000000|000000000000000|000000000000000|000000000000000|000000000000000|000000000000000| |000000000000000|000000000000000|000000000003000|000000000032000|000000000003000|000007000000000|000071700000000|000007000000000|000000000000000|000000000000000|000000000000000|000000000000000|000000000000000|000000000000000|000000000000000|
c9f8e694_0,|101111110000|808888880000|101111110000|101111110111|707777770777|707777770777|700000777777|700000777000|800000888000|808880888000|808880888000|808880888000| |088778788877|088770000000|088770000000|088770000000|088770788877|000000788877|000000788877|008778788800|008778788800|008778788800|008778788800|008778788800| |008887877800|008887877800|008887877800|008887877800|008887877800|778887000000|778887000000|778887077880|000000077880|000000077880|000000077880|778887877880|
4522001f_0,|033300000|033330000|030000000|030000000|003330030|003330033|000330033|000033333|000000000| |000003000|000003300|000003330|000003333|033300000|033330000|033330000|033330000|000000000| |000000000|000000000|000003000|000003300|033330000|003330000|000330000|000030000|000000000|
017c7c7b_0,|222|020|020|222|020|020|022|222|020| |222|020|020|220|020|020|220|000|220| |222|020|020|220|020|020|222|020|220|
b8825c91_0,|7781982662891877|7118886666888117|8169266116629618|1891661111661981|9826876666786289|8866776556776688|2661665555661662|6611655775561166|6611655775561166|2661665555661662|8866776556776688|9826876666786289|1891661111661981|8169266116629618|7118886666888117|7781982662891877| |7781982662891877|7118886666888117|8169266116629618|1891661111661981|9826876666786289|8866776556776688|2661665555661662|6611655775561166|6611655775561166|2661665555661662|8866776556776688|9826876446786289|1891661441661981|8169266446629618|7118886666888117|7781982662891877| |7781982662891877|7118886666888117|8169264416629618|1891664411661981|9826874466786289|8866776556776688|2661665555661662|6611655775561166|6611655775561166|2661665555661662|8866776556776688|9826876666786289|1891661111661981|8169266116629618|7118886666888117|7781982662891877|
e40b9e2f_0,|0000000000|0000000000|0030203000|0003230000|2332322000|0003230000|0020203000|0000000000|0000000000|0000000000| |0000000000|0000000000|2222222000|3333233000|2032323000|3333233000|2222222000|0000000000|0000000000|0000000000| |0000000000|0000000000|2002200000|3333033000|3032303000|3333033000|0302223000|0000000000|0000000000|0000000000|
feca6190_0,|00000000000000000000|00000000000000000006|00000000000000000067|00000000000000000678|00000000000000006789|00000000000000067890|00000000000000678900|00000000000006789000|00000000000067890000|00000000000678900000|00000000006789000000|00000000067890000000|00000000678900000000|00000006789000000000|00000067890000000000|00000678900000000000|00006789000000000000|00067890000000000000|00678900000000000000|06789000000000000000| |00000000000000000000|00000000000000000066|00000000000000000600|00000000000000006669|00000000000000000990|00000000000000669088|00000000000000000880|00000000000066698880|00000000000660000000|00000000006690880000|00000000000690000000|00000000666988800000|00000000000880000000|00000066908800000000|00000600000800000000|00006669888000000000|00000990000000000000|00669088000000000000|00000880000000000000|66698880000000000000| |09999999999999999999|00999999999999999999|09999999999999999999|00999999999999999999|08888888888888888888|00888888888888888888|08888888888888888888|00888888888888888888|07777777777777777777|00777777777777777777|07777777777777777777|00777777777777777777|06666666666666666666|00666666666666666666|06666666666666666666|00666666666666666666|06666066060666000666|00666000660600006600|00000000000000000000|00000000000000000000|
d10ecb37_0,|96|29|
29ec7d0e_0,|111111111111111111|123456789123456789|135792468135792468|147147147147147147|159483726159483726|162738495162738495|174174174174174174|186429753186429753|198765432198765432|111111111111111111|123456789123456789|135792468135792468|147147147147147147|159483726159483726|162738495162738495|174174174174174174|186429753186429753|198765432198765432| |111111111111111111|123456789123488889|135792468135788868|147147147147147147|159483726159483726|162738495162738495|174174174174174174|186429753186429753|198765432198765432|111111111111111111|123456789123456789|135792468135792468|147147147147147147|188483726159483726|188738495162738495|188174174174174174|186429753186429753|198765432198765432| |111111111111111111|123456789123477789|135792468135777768|147147147147147147|159483726159483726|162737495162738495|174174174174174174|186429753186429753|198765432198765432|111111111111111111|123456789123456789|135792468135792468|147147147147147147|177483726159483726|177738495162738495|177174174174174174|186429753186429753|198765432198765432|
b230c067_0,|0000000000|0110001110|0010000010|0100000200|0111002222|0000000000|0001110000|0000010000|0000200000|0002222000| |0000000000|0110001110|0010000010|0100000200|0111002222|0000000000|0001110000|0000010000|0000200000|0002211000| |0000000000|0110002220|0010000020|0100000200|0111001122|0000000000|0001110000|0000010000|0000100000|0001111000|
56ff96f3_0,|88800000|88800000|00000000|00000000|06666600|06666600|06666600|06666600|00000000| |80000000|00800000|00000000|00000000|00000600|00000600|00000600|06666600|00000000| |88800000|88800000|88800000|88800000|88866600|88866600|88866600|88866600|00000000|
1bfc4729_0,|2222222222|2000000002|2222222222|2000000002|2000000002|8000000008|8000000008|8888888888|8000000008|8888888888| |8888822222|8080000202|8080000202|8080000202|8080000202|8080000202|8080000202|8080000202|8080000202|8888822222| |2222288888|2020000808|2020000808|2020000808|2020000808|2020000808|2020000808|2020000808|2020000808|2222288888|
e8dc4411_0,|3333333333333333|3333333333333333|3333333333333333|3333333333333333|3333333333333333|3336333333333333|3333630333333333|3333363333333333|3333636333333333|3636363633333333|6363636363333333|3636333636333333|6363333363633333|3633333336363333|6333333333636333|3333333333363633|3333333333336363|3333333333333636| |3333333333333333|3333333333333333|3333333333333333|3333333333333333|3333333333333333|3333333333333333|3333630333333333|3336363333333333|3363636363333333|3636363633333333|6363636363333333|3636333633333333|6363333363333333|3633333333333333|6333333333333333|3333333333333333|3333333333333333|3333333333333333| |3333333333333333|3333333333333333|3333333333333333|3333333333333333|3333333333333333|3336333333333333|3363630333333333|3336363333333333|3363636333333333|3636363633333333|6363636363333333|3636333636333333|6363333363633333|3633333336363333|6333333333636333|3333333333363633|3333333333336363|3333333333333636|
a5f85a15_0,|000060000000|400004000000|040000600000|004000040000|000400006000|000040000400|000004000060|000000400004|600000040000|040000004000|006000000400|000400000040| |000060000000|600006000000|060000400000|004000060000|000600006000|000060000400|000004000060|000000600006|400000060000|060000004000|006000000600|000400000060| |000060000000|400004000000|060000600000|006000060000|000600006000|000060000400|000006000060|000000600004|600000060000|040000006000|006000000600|000400000040|
32597951_0,|10010010010010010|01001001001001001|00100100100100100|10010010010010010|01001001001001001|00100100100100100|10010010010010010|01001001001001001|00100100100100100|10010010010010010|01001001001001001|00100108388380100|10010018838830010|01001003883881001|00100108388380100|10010010010010010|01001001001001001| |10010010010010010|01001001001001001|00100100100100100|10010010010010010|01001001001001001|00100100100100100|10010010010010010|01001001001001001|00100100100100100|10010010010010010|01001001001001001|00100108388380100|10010018838830010|01001003883881001|00100101111110100|10010010010010010|01001001001001001| |10010010010010010|01001001001001001|00100100100100100|10010010010010010|01001001001001001|00100100100100100|10010010010010010|01001001001001001|00100100100100100|10010010010010010|01001001001001001|00100108181380100|10010011838130010|01001003181811001|00100101111380100|10010010010010010|01001001001001001|
178fcbfb_0,|33333333333|00002000020|00002000020|33333333333|00002000020|00002000020|00002000020|11111111111|00002000020|11111111111|00002000020|00002000020| |33333333333|00002000020|00000000020|33333333333|00000000020|00002000020|00000000020|11111111111|00000000020|11111111111|00000000020|00000000020| |03033300330|00002000020|00002000020|33333333333|00002000020|00002000020|00002000020|11111111111|00002000020|11111111111|00002000020|00002000020|
1caeab9d_0,|0000000000|0000000000|1114440222|1114440222|1114440222|0000000000|0000000000|0000000000|0000000000|0000000000| |0000000000|0000000000|0000000000|2114440222|1444440222|0000000000|0000000000|0000000000|0000000000|0000000000| |0000000000|0000000000|0000000000|2004000200|1004000200|0000000000|0000000000|0000000000|0000000000|0000000000|
b6afb2da_0,|0144100000|0422400000|0422400000|0422400000|0422400000|0144100000|0000000000|0000144441|0000422224|0000144441| |0144100000|0422400000|0422400000|0422400000|0422400000|0444400000|0000000000|0000444441|0000422224|0000144441| |0444400000|0422400000|0122100000|0122100000|0422400000|0111100000|0000000000|0000444414|0000422224|0000114441|
39e1d7f9_0,|00400400488400400400400400400|00400400488400400400400400400|44444444444444444444444444444|00400400400400400400466400400|00400400400400400400466400400|44444444444444444444444444444|00400488433488400400400400400|00400488433488400400400400400|44444444444444444444444444444|00400433466433400400400400400|00400433466433400400400400400|44444444444444444444444444444|00400488433488400400400400400|00400488433488400400400400400|44444444444444444444444444444|00400400400400400400400400400|00400400400400400400488400400|44444444444444444444444444444|00400400400400400400400400400|00400400400400400400400400400|44444444444444444444444444444|00400400400400466400488400400|00400400400400466400488400400|44444444444444444444444444444|66400400400400400400400400400|66400400400400400400400400400|44444444444444444444444444444|00400400400400400400400400400|00400400400400400400400400400| |00400400400400408400488400400|00400400400400488400488400400|44444444444444444444444444444|00400400400400400488466488400|00400400400400400488466480400|44444444444444444444444444444|00400488433488400400400400400|00400488433488400400400400400|44444444444444444444444444444|00400433466433400400400400400|00400433466433400400400400400|44444444444444444444444444444|00400488433488400400400400400|00400488433488400400400400400|44444444444444444444444444444|00400400400400400400488400400|00400400400400400400488400400|44444444444444444444444444444|00400400488400408400488400400|00400400480400488400480400400|44444444444444444444444444444|00400488400408466488488400400|00400480400488466480488400400|44444444444444444444444444444|66488488488488488400400400400|66480488488488480400400400400|44444444444444444444444444444|00400400400400400400400400400|00400400400400400400400400400| |00400400400400400400400400400|00400400400400400400400400400|44444444444444444444444444444|00400400400400400400466400400|00400400400400400400466400400|44444444444444444444444444444|00400488433488400400400400400|00400488433488400400400400400|44444444444444444444444444444|00400433466433400400400400400|00400433466433400400400400400|44444444444444444444444444444|00400488433488400400400400400|00400488433488400400400400400|44444444444444444444444444444|00400400400400400400400400400|00400400400400400400400400400|44444444444444444444444444444|00400400400400400400400400400|00400400400400400400400400400|44444444444444444444444444444|00400400400488466400400400400|00400400400488466400400400400|44444444444444444444444444444|66488400400400488400400400400|66488400400400488400400400400|44444444444444444444444444444|88400400400400400400400400400|88400400400400400400400400400|
253bf280_0,|0000000000000|0083333333800|0000000000000|0000000000000|0000000000000|0000000000008|0000000000000|0800000000000|0300000000000|0300000000000|0800000000000|0000000000000| |0000000000000|0083333333800|0000000000000|0000000000000|0000000000000|0000008333338|0000000000000|0800000000000|0300000000000|0300000080000|0800000000000|0000000000000| |0000000000000|0083383333800|0000000000000|0000000000000|0000000000000|0000000000008|0000000000000|0800000000000|0300000000000|0300000000000|0800080000000|0000000000000|
321b1fc6_0,|0000000000|0440004400|3343033430|0030000300|0000000000|0000000000|0000004400|0000033430|0000000300|0000000000| |0000000000|0340003300|3341043440|0030000400|0000000000|0000000000|0000003300|0000033340|0000000300|0000000000| |0000000000|0440002300|4434031430|0030000400|0000000000|0000000000|0000003400|0000044440|0000000400|0000000000|
a65b410d_0,|333333300|333333000|222220000|111100000|111000000|110000000|100000000|000000000|000000000| |333333300|333333300|222200000|111000000|110000000|100000300|000003300|000000000|000000000| |333333300|333333000|333330000|222200000|111000000|110000000|100000000|000000000|000000000|
f76d97a5_0,|00030|03000|03303|00030|33300| |33000|03300|00330|00033|30003| |03000|33300|03000|00000|00000|
a61ba2ce_0,|1688|6008|3008|3311| |8688|6008|3008|3311| |6688|6008|1003|3111|
496994bd_0,|333333|555555|555555|000000|000000|000000|000000|555555|555555|333333| |333333|555555|555555|000000|000000|000000|000000|000000|000000|000000|
3906de3d_0,|0111111111|0121111121|0121010121|0121020121|0001000021|0000220020|0000202020|0000000000|0000000000|0000000000| |0111111111|0121111121|0121212121|0121220121|0001020021|0000020020|0000020020|0000000000|0000000000|0000000000| |0111111111|0121111121|0121010121|0101200121|0001202021|0000000020|0000000020|0000000000|0000000000|0000000000|
952a094c_0,|0000000000|0000000000|0200000080|0033333300|0030000300|0030000300|0030000300|0033333300|0400000060|0000000000| |0000000000|0800000060|0800000060|0033333300|0030000300|0030000300|0030000300|0033333300|0400000020|0000000000| |0000000000|0000000000|0800000060|0033333300|0030000300|0030000300|0030000300|0033333300|0400000020|0000000000|
db93a21d_0,|000000033333333333333333333000|000000033333333333333333333000|000000033333333399993333333000|000000033333333399993333333000|000000033333333399993333333000|000000033333333399993333333000|000000033333333333333333333000|000000033999933333333333333000|000000033999933333333333333000|000000033999933333333333333000|000000033999933333333333333000|000000033333333333333333333000|000000033333333333333333333000|000000033333333333333333333000|000000033333333333333333333000|000000033333333333333333333300|000000033333333333333999999300|000000033333333311113999999300|000000033333333311113999999300|000000033333333311113999999300|000000033333333311113999999300|000333333333333333333999999300|000399300111100011113333333300|000399300111100011110111111000|000333300111100011110111111000|000011000111100011110111111000|000011000111100011110111111000|000011000111100011110111111000|000011000111100011110111111000|000011000111100011110111111000| |000000033333330000000000000000|000000033333330333333000000000|000000033333330399993000000000|000000033333330399993000000000|000000033333330399993000000000|000000033333330399993000000000|000000033333330333333000000000|000000033999930000000000000000|000000003999930000000000000000|000000003999930000000000000000|000000003999930000000000000000|000000003333330011000000000000|000000000111100011000000000000|000000000111100011000000000000|000000000111100011000000000000|000000000111100011113333333300|000000000111100011113999999300|000000000111100011113999999300|000000000111100011113999999300|000000000111100011113999999300|000000000111100011113999999300|000333300111100011113999999300|000399300111100011113333333300|000399300111100011110000000000|000333300111100011110000000000|000000000111100011110000000000|000000000111100011110000000000|000000000111100011110000000000|000000000111100011110000000000|000000000111100011110000000000| |000000000333330000000000000000|000000000333330333333000000000|000000000000330300003000000000|000000000000330300003000000000|000000000000330300003000000000|000000000000330300003000000000|000000003333330333333000000000|000000003333330000000000000000|000000003000030000000000000000|000000003000030000000000000000|000000003000030000000000000000|000000333333333333000000000000|000000333333333333000000000000|000000333333333333000000000000|000000333000000333000000000000|000000333111100311113333333300|000000333111100311113000000300|000000333111100311113000000300|000000333111100311113000000300|000000333111100311113000000300|000000000111100011113000000300|000333300111100011113000000300|000300300111100011113333333300|000300300111100011110000000000|000333300111100011110000000000|000000000111100011110000000000|000000000111100011110000000000|000000000111100011110000000000|000000000111100011110000000000|000000000111100011110000000000|
11852cab_0,|0000000000|0000000000|0104010000|0020200000|0101010000|0020200000|0101010000|0000000000|0000000000|0000000000| |0000000000|0010100000|0104010000|0020200000|0001000000|0020200000|0100010000|0000000000|0000000000|0000000000| |0000000000|0010100000|0004000000|0020200000|0000000000|0000000000|0000000000|0000000000|0000000000|0000000000|
539a4f51_0,|7732277322|7733277332|3333277332|2333277332|2222277332|7777777332|7777777332|3333333332|2333333332|2222222222| |7732277322|7737237332|3337233332|2777237332|2222237332|7333337332|7737777332|3333333332|2333333332|2222222222| |7732232722|7732232722|3332232722|2222232722|2222232722|3333332722|2222222722|7777777722|2222222222|2222222222|
91413438_0,|008008008000000000000|080080080000000000000|000000000000000000000|000000000000000000000|000000000000000000000|000000000000000000000|000000000000000000000|000000000000000000000|000000000000000000000|000000000000000000000|000000000000000000000|000000000000000000000|000000000000000000000|000000000000000000000|000000000000000000000|000000000000000000000|000000000000000000000|000000000000000000000|000000000000000000000|000000000000000000000|000000000000000000000| |000800000000000000000|008000000000000000000|000000000000000000000|000000000000000000000|000000000000000000000|000000000000000000000|000000000000000000000|000000000000000000000|000000000000000000000|000000000000000000000|000000000000000000000|000000000000000000000|000000000000000000000|000000000000000000000|000000000000000000000|000000000000000000000|000000000000000000000|000000000000000000000|000000000000000000000|000000000000000000000|000000000000000000000| |008008008008008008000|000000000000000000000|000000000000000000000|000000000000000000000|000000000000000000000|000000000000000000000|000000000000000000000|000000000000000000000|000000000000000000000|000000000000000000000|000000000000000000000|000000000000000000000|000000000000000000000|000000000000000000000|000000000000000000000|000000000000000000000|000000000000000000000|000000000000000000000|000000000000000000000|000000000000000000000|000000000000000000000|
97a05b5b_0,|222222222222|222222222222|228222222222|222222222222|211122222332|212122222232|222222222332|222222222222| |222424222222|222222222222|222222222222|222222222222|222222222222|222222222222|222222222222|222222222222| |222222222222|222222222222|228222222222|222222222222|228282222222|222222222222|222222222222|222222222222|
27a28665_0,|3| |2| |1|
27a28665_1,|3| |2| |1|
27a28665_2,|4| |3| |2|
4be741c5_0,|3218|
ded97339_0,|0000000000|0800000000|0808000000|0800000800|0800000800|0800000800|0000000800|0000000800|0000888800|0000000000| |0000000000|0000000000|0808000000|0800000800|0800000800|0800000800|0000000800|0000000800|0000888800|0000000000| |0000000000|0000000000|0008000000|0000000000|0000000800|0800000800|0000000000|0000000000|0000888800|0000000000|
d90796e8_0,|000000005|000000200|080000000|000050000|500000000|000000080|550005000| |000020005|020000320|030000000|000050002|500200000|000000030|580003000| |000000005|000000800|080000000|000050002|500000000|000000080|500005000|
6d75e8bb_0,|00000000000|00000000000|00822222200|00822288200|00828228200|00888228200|00888828800|00888888800|00000000000| |00000000000|02222200000|02822222200|02822288200|02828228200|02888228200|02888828800|00888888800|00000000000| |00000000000|00000000000|00800000000|00800088000|00808028000|00888028000|00888828800|00888888800|00000000000|
363442ee_0,|3395300530339|8445800480844|8985800880898|0005001000944|0005001000944|0005008000888|0005005541000|0005005841000|0005004888000| |3395000984433|8445000984984|8985000888889|0005998000984|0005989000984|0005888000888|0005994998000|0005949989000|0005488888000| |3395339000000|8445844000000|8985898000000|0005000498000|0005000989000|0005000844000|0005000498000|0005000989000|0005000844000|
2bcee788_0,|3333333333|3333333333|3333333333|3333133133|3333111133|3333311333|3333333333|3333333333|3333333333|3333333333| |3333333333|3333333333|3333333333|3333133333|3333111333|3333311133|3333333333|3333333333|3333333333|3333333333| |3333333333|3333333333|3333333333|3333133333|3333111333|3333311333|3333333333|3333333333|3333333333|3333333333|
47c1f68c_0,|003000000300|030000000030|303000000303|003000000300|003300003300|000000000000|000000000000|003300003300|003000000300|303000000303|030000000030|003000000300| |003000030000|030000003003|303000030330|003000030000|003300330000|000000000000|000000000000|003300330000|003000030000|303000030330|030000003003|003000030000| |000000000000|000000000000|000000000000|000000000000|303300000000|000000000000|000000000000|000300000000|000000000000|000000030000|000000000000|000000000000|
3631a71a_0,|807077110306080000806030117707|080077113366880000886633117700|700001080677000660007760801102|000561806677006006007766081100|770620060800660000660080600011|771105668800660000660088665011|110806200006005555006000026080|118066020060005005000600206608|030608000000603003060000008060|336688000605000330005060008866|067700060000300660030000600077|667700600500036666300050060077|080066006030043003400306006600|880066000003400000043000006600|000600553006302002036003550060|006000500366000220006630050006|006000500366000220006630050006|000600553006302002036003550060|880066000003400000043000006600|080066006030043003400306006600|667700600500036666300050060077|067700060000300660030000600077|336688000605000330005060008866|030608000000603003060000008060|118066020060005005000600206608|110806200006005555006000026080|771105668800660000660088665011|771100060800660000660080600011|000011806677006006007766081100|702011080677000660007760801102| |807077110306080000806030117707|080077113366880000886633117700|705061080677000660007760801102|000501806677006006007766081100|776080060800660000660080600011|771105668800660000660088665011|110806200006005555006000026080|118066020060005005000600206608|030608000000603003060000008060|336688000605000330005060008866|067700060000300660030000600077|667700600500036666300050060077|080066006030043003400306006600|880066000003400000043000006600|000600553006302002036003550060|006000500366000220006630050006|006000500366000220006630050006|000600553006302002036003550060|880066000003400000043000006600|080066006030043003400306006600|667700600500036666300050060077|067700060000300660030000600077|336688000605000330005060008866|030608000000603003060000008060|118066020060005005000600206608|110806200006005555006000026080|771105668800660000660088665011|771100060800660000660080600011|000011806677006006007766081100|702011080677000660007760801102| |807077110306080000806030117707|080077113366880000886633117700|700001080677000660007760801102|000111806677006006007766081100|770110060800660000660080600011|771105668800660000660088665011|110806200006005555006000026080|118066020060005005000600206608|030608000000603003060000008060|336688000605000330005060008866|067700060000300660030000600077|667700600500036666300050060077|080066006030043003400306006600|880066000003400000043000006600|000600553006302002036003550060|006000500366000220006630050006|006000500366000220006630050006|000600553006302002036003550060|880066000003400000043000006600|080066006030043003400306006600|667700600500036666300050060077|067700060000300660030000600077|336688000605000330005060008866|030608000000603003060000008060|118066020060005005000600206608|110806200006005555006000026080|771105668800660000660088665011|771100060800660000660080600011|000011806677006006007766081100|702011080677000660007760801102|
6150a2bd_0,|004|086|536|
913fb3ed_0,|6660000000000000|6360000000000000|6660000000000000|0000000000000000|0000000000000000|0000000000000000|0000000000000000|0000000000000000|0000000000000000|0000000000006660|0000000000006260|0000000000006660|0000000000000000|0111000000000000|0181000000000000|0111000000000000| |6660000000000000|6360000000000000|6660000000000000|0000000000000000|0000000000000000|0000000000000000|0000000000000000|0000000000000000|0000000000000000|0000000000001110|0000000000001210|0000000000001110|0000000000000000|0111000000000000|0181000000000000|0111000000000000| |6660000000000000|6360000000000000|6660000000000000|0000000000000000|0000000000000000|0000000000000000|0000000000000000|0000000000000000|0000000000000000|0000000000001110|0000000000006210|0000000000006610|0000000000000000|0166000000000000|0186000000000000|0111000000000000|
f8b3ba0a_0,|4|1|8| |0|
2013d3e2_0,|000|044|883| |388|440|000| |004|083|431|
e73095fd_0,|000000050000000000|000000050000000000|555000050000000000|445555555555555555|555000050000005000|000000050000005000|000000050000005000|000000050000055550|000005555500054450|555555444555554455|450005444500054450|450005555500055550|450000050000000000|555000050000000000|545000050000000000|555000050000000000| |000000050000000000|000000050000000000|555000050000000000|005555555555555555|555000050000005000|000000050000005000|000000050000005000|000000050000055550|000005555500054450|555555444555554455|050005444500054450|050005555500055550|050000050000000000|555000050000000000|545000050000000000|555000050000000000| |000000050000000000|000000050000000000|555000050000000000|445555555555555555|555000050000005000|000000050000005000|000000050000005000|000000050000055550|000005555500054450|555555444555554455|450005444500054450|450005555500055550|050000050000000000|555000050000000000|545000050000000000|555000050000000000|
83302e8f_0,|333544454445333533353335444|333544454445333533353335444|333544444445333533353335444|555555445555555555555555554|444444454445444544453335444|444544454444444444453335444|444544454445444544453335444|555555555555545555555555555|333544454445444533353335333|333544444445444533353335333|333544454445444533353335333|555554455545455555555555555|444444454444444544444445333|444444454445444544454445333|444544454445444544454445333|554555555555555555555455555|444533354445444533354445333|444533354445444533354445333|444533354444444533354445333|555555555555555555555545555|333544454445444444444445444|333544454445444444454444444|333544454444444544454444444|555554555555555555455555555|444544454444444544453335333|444444454445444544453335333|444544444445444444453335333| |444544454445444544454445444|444544454445444544454445444|444544444445444544454445444|555555445555555555555555554|444444454445444544454445444|444544454444444444454445444|444544454445444544454445444|555555555555545555555555555|444544454445444544453335333|444544444445444544453335333|444544454445444544453335333|555554455545455555555555555|444444454444444544444445333|444444454445444544454445333|444544454445444544454445333|554555555555555555555455555|444533354445444533354445333|444533354445444533354445333|444533354444444533354445333|555555555555555555555545555|333544454445444444444445444|333544454445444444454444444|444544454444444544454444444|555554555555555555455555555|444544454444444544454445444|444444454445444544454445444|444544444445444444454445444| |333544454445333533353335443|333544454445333533353335443|333544444445333533353335444|555555445555555555555555554|444444454445444544453335444|444544454444444443453335443|444544454445444544453335444|555555555555545555555555555|333544454445444533353335333|333544444445434533353335333|333544454445444533353335333|555554455545455555555555555|444444454444444544444445333|444444454345444544454445333|444544454445444544454445333|554555555555555555555455555|444533454445444533354445333|444533454445444533354445333|444533354444444533354445333|555555555555555555555545555|333544454445444444444445444|333544454445444444454344444|333544454444444544454444444|555554555555555555455555555|444544454444444544453335333|444444454345444544453335333|444544444445444444453335333|
36d67576_0,|000000000000000|000000000000000|001300000000000|004421000004410|004043000040410|000441000044200|000000000000000|000000000000000|000000000000000|044100002441000|040400004141000|024400004430000|000000000000000|000000000000000| |000000000000000|000000000000000|001300000030000|004421000104400|004143000141400|000441000044200|000000000000000|000000000000000|000000000000000|044000012440000|040400004040000|024400004400000|000000000000000|000000000000000| |000000000000000|000000000000000|001300000000000|004420000004400|004043000441400|000441000044200|000000000000000|000000000000000|000000000300000|044000002440000|040400004143000|024400004401000|000400000000000|000000000000000|
a2fd1cf0_0,|00000000000000|00000000000000|02888888888000|00000000008000|00000000008000|00000000008000|00000000008000|00000000008000|00000000008000|00000000008000|00000000003000|00000000000000| |00000000000000|00000000000000|00000000008000|00000000008000|00000000008000|00000000008000|00000000008000|00000000008000|00000000008000|00000000008000|00000000003000|00000000000000| |00000000000000|08000000008000|02888888888000|00000000008000|00000000008000|00000000008000|00000000008000|00000000008000|00000000008000|00000000008000|00000000003000|00000000000000|
746b3537_0,|12384|
74dd1130_0,|999|343|444|
447fd412_0,|000000000000000000000|000000000000000000000|001000000000200000000|001020000000000000000|001110000000000000000|000000000000000000000|000000000000000000000|000000000000000000000|011111000000000002220|011111000000000002220|011110000000000002220|000002200000000000000|000002200000000000000|000000000000000000000|000000000000000000000|000000000000000000000|000000000000000000000| |000000000000000000000|000000000000000000000|001000000000200000000|001020000000000000000|001110000000000000000|000000000000000000000|000000000000000000000|000000000000000000000|000000000000000002220|000000110000000002220|000000110000000102220|000102210000001100100|000002200000000000000|000011000000110010001|000000000000000000000|000000000000000000000|000000000000000000000| |000000000000000000000|000000000000000000000|001000000000200000000|001020000000000000000|001110000000000000000|000000000000000000000|000000000000000000000|000000000000000000000|111111111111111112220|111111111111111112220|111111111111111112220|111112200000000000000|111112200000000000000|000000000000000000000|000000000000000000000|000000000000000000000|000000000000000000000|
045e512c_0,|000000004000000000000|000000004000000000000|000000000000000000000|000000044000000000000|000000004000000000000|000000004000000000000|000000000000000000000|000000888022202220222|000000808020202020202|000000808020202020202|000000000000000000000|000000333000000000000|000000303000000000000|000000303000000000000|000000000000000000000|000000333000000000000|000000303000000000000|000000303000000000000|000000000000000000000|000000333000000000000|000000303000000000000| |000000000000000020202|000000000000000020202|000000000000000000000|000000000002202220222|000000000040404040404|000000000040404040404|000000000000000000000|000000888022202220222|000000808020202020202|000000808020202020202|000000000000000000000|000000333000000000000|000000303000000000000|000000303000000000000|000000000000000000000|000000333000000000000|000000303000000000000|000000303000000000000|000000000000000000000|000000333000000000000|000000303000000000000| |000000008000000000000|000000008000000000000|000000000000000000000|000000088000000000000|000000008000000000000|000000008000000000000|000000000000000000000|000000888022202220222|000000808020202020202|000000808020202020202|000000000000000000000|000000333000000000000|000000303000000000000|000000303000000000000|000000000000000000000|000000333000000000000|000000303000000000000|000000303000000000000|000000000000000000000|000000333000000000000|000000303000000000000|
54d9e175_0,|88858885666|88858885666|88858885666|55555555555|66656665999|66656665999|66656665999| |99957775777|99957775777|99957775777|55555555555|77758885999|77758885999|77758885999| |66656665777|66656665777|66656665777|55555555555|77758885999|77758885999|77758885999|
5ad4f10b_0,|404|044|004| |404|044|404| |404|044|444|
6855a6e4_0,|000000000000000|000000000000000|000000000000000|000200000000000|000200000200000|000000000000000|000000000000000|000000000000000|000000000000000|000000000000000|000200000000000|000222222200000|000000000000000|000000000000000|000000005000000| |000000000000000|000000000000000|000000000000000|000222222200000|000200000000000|000000000000000|000000000000000|000000000000000|000000000000000|000000000000000|000200000000000|000222222200000|000000000000000|000000000000000|000000000000000| |000000000000000|000000000000000|000000000000000|000200022200000|000200000200000|000000000000000|000000000000000|000000000000000|000000000000000|000000000000000|000200000200000|000200022200000|000000000000000|000000000000000|000000000000000|
8f2ea7aa_0,|200000000|220000000|022000000|200200000|220220000|022022000|000200200|000220220|000022022| |000000000|000000000|022000000|200200000|220220000|022022000|000200200|000220000|000020000| |000200200|000020220|000022022|000200200|000220020|022020000|200200000|020000000|000000000|
ddf7fa4f_0,|3000600090|0000000000|0066699099|0066699099|0066699099|0066699099|0000000099|3336000099|3336000099|0000000000| |3000600090|0000000000|0066666099|0066666099|0066666099|0066666099|0000000099|3333000099|3333000099|0000000000| |3000600090|0000000000|0036666099|0036666099|0036666099|0036666099|0000000099|3333000099|3333000099|0000000000|
82819916_0,|0000000000|2212112122|0000000000|8838838388|0000000000|0000000000|1141144411|0000000000|0000000000|6686686866|0000000000|1166661611|0000000000|0000000000| |0000000000|2212112122|0000000000|8838888388|0000000000|0000000000|1141111411|0000000000|0000000000|6686666866|0000000000|1161111611|0000000000|0000000000| |0000000000|2212121121|0000000000|8838834388|0000000000|0000000000|1141144411|0000000000|0000000000|6686686866|0000000000|1161666666|0000000000|0000000000|
75b8110e_0,|5966|5955|4555|5900| |5466|5455|4555|5900| |5966|5955|6555|5900|
ed36ccf7_0,|005|005|050| |050|500|500| |005|055|555|
d06dbe63_0,|0000000005000|0000000505000|0000000500000|0000055500000|0000050000000|0000085000000|0000050000000|0005550000000|0005000000000|0555000000000|0500000000000|5500000000000|0000000000000| |0000000005050|0000000555050|0000000500000|0000055500000|0000050000000|0000050000000|0000050000000|0005550000000|0005000000000|0555000000000|0500000000000|5500000000000|0000000000000| |0000000005000|0000000555050|0000000500000|0000055500000|0000050000000|0000080000000|0000050000000|0005550000000|0005000000000|0555000000000|0500000000000|5500000000000|0000000000000|
834ec97d_0,|000000000000|040404040404|040404040404|040404040404|000003000000|000000000000|000000000000|000000000000|000000000000|000000000000|000000000000|000000000000| |040404040404|040404040404|040404040404|040404040404|000003000000|000000000000|000000000000|000000000000|000000000000|000000000000|000000000000|000000000000| |404040404040|404040404040|404040404040|404040404040|000030300000|000000000000|000000000000|000000000000|000000000000|000000000000|000000000000|000000000000|
007bbfb7_0,|707000707|707000707|770000770|707000707|707000707|770000770|707707000|707707000|770770000| |707000707|777770707|770070770|777077777|707707707|777707777|707707707|707707707|777777777| |707000707|707000707|700000700|707000707|707000707|700000770|707707000|700007000|770770000|
2dd70a9a_0,|0000000000000|0000002200000|0000000000000|0000000000000|0000000000000|0000000000000|0000000000000|0003300000000|0000000000000|0000000000000|0000000000000|0000000000000|0000000000000| |8888000008800|8000882200000|0800880000000|0080000080008|0080338000008|0008230080800|0000003800800|8083303000800|0880080000800|0000008800000|0880008000000|0008000000000|0000000000080| |8888000008800|8003082200003|0800880000000|0083033380008|0083308030308|0008303380800|0000330300800|8083333300800|0883083303830|0033008800030|0883008000030|0008000000030|0000000000080|
48d8fb45_0,|050|333|033| |030|330|333| |000|330|303|
2204b7a8_0,|5500000004|5000040044|5000000004|5005000004|5000004004|5005000004|5000000004|5000500004|5050004004|5000000004| |4400000005|4000040045|4000000005|4004000005|4000004005|4004000005|4000000005|4000400005|4040004005|4000000005| |4400000004|4000040044|4000000004|4004000004|4000004004|4004000004|4000000004|4000400004|4040004004|5000000005|
cf98881b_0,|9140|4494|1999|9449| |1140|4414|1191|1449| |4140|4444|1191|4449|
22168020_0,|0000000000|4444000000|0440777777|0440077770|0000007700|0000007700|0333333000|0033330000|0003300000|0003300000| |0000000000|4444000000|0447777777|0447777770|0000007700|0000007700|0333333000|0033330000|0003300000|0003300000| |0000000000|4444000000|0444777777|0444477770|0000007700|0000007700|0333333000|0033330000|0003300000|0003300000|
ba97ae07_0,|004400|004400|555555|555555|004400|004400|004400|004400|004400|004400|004400| |004400|004400|554455|554455|004400|004400|004400|004400|004400|004400|004400| |005400|005400|555455|455444|005400|005400|005400|005400|005400|005400|005400|
239be575_0,|0| |8| |2|
239be575_1,|0| |8|
57aa92db_0,|000000330000000000000000000000|000000300000000000000000000000|000088000000000000000000000000|000818000044411100000000000000|008880000444411100000000000000|044400004444411100000000000000|000000000000000000000000000000|000000000000000000000111122220|000000330000000000000111122220|000000330000000000000111122220|000000110000000000000111122220|000000110000000000000000000000|000033333000000000033333333000|000033330000000000000000000000|000000300000000000000000000000|000000000000000000000000000000|000000000000000000000000000000|000000000000000000000000000000|000000000000000000000000000000| |000000330000000000000000000000|000000300000000000000000000000|000088000000000000000000000000|000818000044411100000000000000|000880000044411100000000000000|000000000044411100000000000000|000000000000000000000000000000|000000000000000000000111122220|000000330000000000000111122220|000000330000000000000111122220|000000110000000000000111122220|000000110000000000000000000000|000033333000000000033333333000|000033330000000000000000000000|000000300000000000000000000000|000000000000000000000000000000|000000000000000000000000000000|000000000000000000000000000000|000000000000000000000000000000| |000000000000000000000000000000|000000000000000000000000000000|000088800004441111000000000000|000818000044411111000000000000|000880000444411110000000000000|000800004444411100000001111220|000000000044100000000000000000|000000004441110000000111122220|000004444400000000000111122220|000044444100000000010111122220|000044111100000000010111122220|000041110000000000000000000000|000011331300000000011112222000|000013333300000000000000000000|000000330000000000000000000000|000000330000000000000000000000|000000000000000000000000000000|000000000000000000000000000000|000000000000000000000000000000|
00d62c1b_0,|00000000000000000000|00300000000000000000|03433000000000000000|00303333303300000000|00003444434430000000|00003333303330000000|00000000000003333300|00000000000003444300|00000000000003444300|00000000033333444300|00000000034443444300|00000000333333444300|00000033430003333300|00300000330000000000|03430000000000000000|00303033333300000000|00000003444300000000|00000003444300000000|00000003333300000000|00000000000000000000| |00000000000000000000|00300000000000000000|03433000000000000000|00303434303400000000|00004433334430000000|00004433304430000000|00000000000003444400|00000000000003444300|00000000000004343400|00000000033343434300|00000000033434343400|00000000334343434300|00000033340004343300|00400000430000000000|04340000000000000000|00404033434400000000|00000004344400000000|00000003444400000000|00000003444300000000|00000000000000000000| |00000000000000000000|00300000000000000000|03433000000000000000|00303334303300000000|00003343433340000000|00003334303330000000|00000000000003333300|00000000000004333300|00000000000003433300|00000000043334343300|00000000033343433300|00000000333334333300|00000043330003333300|00300000330000000000|03430000000000000000|00303034343300000000|00000003433300000000|00000004333300000000|00000003333300000000|00000000000000000000|
a78176bb_0,|0100010000|0010001000|0001000100|0000100010|0000010001|5000001000|5500000100|0550000010|0055000001|0000000000| |0100010000|0010001000|0001000100|0000100010|0000010001|1000001000|0100000100|0010000010|0001000001|0000100000| |0100010000|0010001000|0001000100|0000100010|0000010001|1000001000|1100000100|0110000010|0011000001|0001100000|
c8f0f002_0,|15515|81555|85158| |55551|11775|51115| |55511|11755|55155|
94f9d214_0,|2000|0000|2020|0002| |0000|0000|2020|0000| |0000|0000|2020|0222|
4258a5f9_0,|111000000|151000111|111000151|001110111|001510000|001110000|111011100|151015100|111011100| |000001110|000001510|000001110|001110000|001510000|001110000|111000000|151000000|111000000| |000000111|001110151|001510111|001110000|000000111|000000151|001110111|001510000|001110000|
a68b268e_0,|7778|4774|7777|7848| |7778|4774|7777|8848| |7778|8778|7777|7848|
b527c5c6_0,|00003330000000000000|00003330000000000000|00003330000000000000|00003330000000000000|00003330000000000000|22222330000000000000|33333330000000000000|00003330000033300000|00003330000000000000|00003330000000000000|00003330000000000000|00000000000000000000|00000000000000000000|00000000000000000000|00000003333332333333|00000003333333333333|00000003333333333333|00000003333333333333|00000003333333333333|00000003333333333333| |00003330000002000000|33333330000002000000|33333330000002000000|33333330000002000000|33333330000002000000|22222330000002000000|33333330000002000000|33333330000002000000|33333330000002000000|33333330000002000000|00003330000002000000|00000000000002000000|00000000000002000000|00000000000002000000|00000003333332333333|33333333333333333333|33333333333333333333|33333333333333333333|33333333333333333333|00000003333333333333| |00003330000000000000|00003330000000000000|00003330000000000000|33333330000000000000|33333330000000000000|22222330000000000000|00003330000000000000|00003330000000000000|00003330000000000000|00003330000000000000|00003330000000000000|00000000000000000000|00000000000000000000|00000000000000000000|00000003333332333333|00000003333333333333|00000003333333333333|00000003333333333333|00000003333333333333|00000003333333333333|
88a10436_0,|30030003300|00000000000|20022002200|00110010001|30033003000|00000000000|00022002200|00010011001|00003003300|00000000000| |00000000000|00000000000|00022000000|00110000000|00033000000|00000000000|00000000000|00000033000|00000500000|00000022000| |00000000000|00000000000|00022000000|00110000000|00033000000|00000000000|00000000000|00000011000|00000003000|00000000000|
22233c11_0,|0000000000|0000800000|0000003330|0000003030|0000003330|0003330000|0003030000|0003330000|0800000800|0000000000| |0000000000|0000000000|0000000000|0000000000|0000000000|0000000000|0000000000|0000000000|0000000000|0000000000| |0000000000|0000000000|0000000000|0003300000|0000000000|0003380000|0003080300|0003380300|0000000300|0000000000|
673ef223_0,|000000000000|200000000000|288888884000|288888840000|200000000000|288840000000|200000000000|000000000000|000000000000|000000000000|000000000000|000000000000|000000000000|000000000000|000000000002|888888888882|888888888882|888888888882|888888888882|000000000002|000000000000| |000000000000|200000000000|288888884000|288888840000|200000000000|288840000000|200000000000|000000000000|000000000000|000000000000|000000000000|000000000000|000000000000|000000000000|000000000002|888888888882|000000000002|000008000002|000000000002|000000000002|000000000000| |000000000000|200000000000|288888884000|228888400000|200000000000|200000000000|200000000000|000000000000|000000000000|000000000000|000000000000|000000000000|000000000000|000000000000|888888888822|008000000022|888888888882|000000000002|888888888882|000008000002|000000000000|
7c008303_0,|000100|220110|020110|044700|040070|004000| |222000|222000|222111|004000|004700|004007| |000100|110220|010220|072200|070040|004000|
99fa7670_0,|00088888|00008008|00777777|00000007|00000222|00000002|00000002| |00088888|00000088|00777777|00000077|00000222|00000022|00000022| |00088888|00000008|00777777|00000007|00007222|00000002|00000002|
fafffa47_0,|000|200|020| |000|000|020| |020|020|020|
d511f180_0,|5548|3578|3719|6455| |8848|3578|3719|6488| |5548|3378|8719|6455|
39a8645d_0,|303|033|303| |030|333|030| |303|030|302|
c59eb873_0,|2200007788|2200007788|2211110000|2211110000|0055666600|0055666600|3355660000|3355660000|0055000000|0055000000|
7b6016b9_0,|3333333333333333333333333|3333373333333333733333333|3333373333373333733333733|3333373333373333733333733|3377777777777777777777773|3333372222272222722222733|3333372222272222722222733|3333372222272222722222733|3333372222272222722222733|3333372222777777777777773|3333372222272222733333733|3333372222272222733333733|3333372222222222733333733|3333372222222222733333333|3337777777777777777733333|3333373333333333733333333|3333373333333333733333333|3333373333337777777773333|3337777733333333733333333|3333373333333333733333333|3333373333333333333333333|3333373333333333333333333| |3333333333333333333333333|3333733333333333733333333|3333733333333333733333333|7777777777777777777777777|3333722222722222733333333|3333722222722222733333333|3333722222722222733333333|3333722277777777777733333|3333722222733333733333333|3333722222733333733333333|3333722222733333733333333|3333722222733333733333333|3777777777777333733333333|3333733333733333733333333|3333733333733333733333333|3333733333733333733333333|3333733333733377777773333|3333733333733333733333333|3333733333733333733333333|3333333333733333733333333|3333333333333333333333333|3333333333333333333333333| |3333333333333333333333333|3333333333333333733333333|3333333333333333733333333|3333373333373333733333733|3333722222722222733333333|3333322222722222733333333|3333322222722222733333333|3333322277777777777733333|3333322222733333733333333|3333322222733333733333333|3333322222733333733333333|3333322222733333733333333|3333377777777333733333333|3333333333733333733333333|3333733333733333733333333|3333333333333333733333333|3333333333333333733333333|3333333333333333733333333|3333733333333333733333333|3333333333333333733333333|3333333333333333333333333|3333333333333333333333333|
0962bcdd_0,|000000403040|000000043400|000000334330|000000043400|000000403040|403040000000|043400000000|334330000000|043400000000|403040000000|000000000000|000000000000| |000000403040|000000043400|000000334330|000000043400|000000403040|400000000000|043400000000|334300000000|043400000000|403040000000|000000000000|000000000000| |000000003340|000000033400|000003334300|000000343000|000003400000|403034000000|043340000000|034333000000|043300000000|433040000000|000000000000|000000000000|
9edfc990_0,|0018051190611115|6761412118362111|1117115411176111|1581911221814117|4114227321649990|0181511121181966|9912811311211581|1301611118111411|0140741141158141|1116161111181144|1911911111151611|6175917111461281|5111112481131908|1112411117111151|6911771121191131|1831197127218911| |0008051090600115|6760412008362111|0007115411176111|0581911221814117|4114227321649990|0181511121181966|9912811311211580|1311611118111401|0041741141158041|1116161111181144|0911911111151610|6175917111461280|5111112481131908|1112411117111151|6911771121191130|1831197127208911| |0008150090600005|6760402108362001|0017005411176001|0580900221804007|4004227321649991|0181511121181966|9912811311211581|1311611118111411|0140741141158041|0116061111181144|1911911111151611|6175917111461281|5111112481131908|1112411117111150|6911771121191130|1831197127218900|
e5062a87_0,|0555055550|5550555505|0055550500|2055550555|0055522025|5500022555|0055022555|0555555000|5500555000|5050500500| |0555055550|5550555505|0055550500|0055550555|0055522005|5500022555|0055222555|0555555000|5500555000|5250520500| |0555055550|5552555505|0055550500|0055550555|0255522005|5502222555|0055022555|0555555000|5502555000|5050500500|
54d82841_0,|05550000000|05050888000|00000808333|00000000303|00000000000|00000000000|00400040040| |05550000000|05050888000|00000808333|00000000303|00000000000|00000000000|00404040040| |05550000000|05050888000|00000808333|40000000303|00000000000|00000000000|00400044044|
794b24be_0,|220|000|000| |200|000|200| |200|000|000|
794b24be_1,|222|200|000| |220|000|000| |020|022|200|
4938f0c2_0,|00000000000000|00000002200002|00222200020000|00020000200000|00002002200000|00002200000000|00000033000000|00022033200000|00020000000000|00200000000000|02202002220002|00000000000000|00000000000000|02202002222002|00000000020000|00000000200000|00020002000000|00000000000000| |00000000000000|00000002200002|00220200000000|00020000000000|00002002200000|00002200000000|00000033000000|00022033200000|00020000000000|00200000000000|02202000020002|00000000000000|00000000000000|02000000000002|00000000000000|00000000000000|00000000000000|00000000000000| |00000000000000|00000000000000|00220000000000|00020000000000|00002000000000|00002200000000|00000033000000|00000033000000|00000000000000|00000000000000|00000000000000|00000000000000|00000000000000|00000000000000|00000000000000|00000000000000|00000000000000|00000000000000|
cbded52d_0,|61011061|18011018|00000000|11011011|11011011|00000000|61011061|11011018| |11011011|18011018|00000000|11011011|11011011|00000000|61011061|11011018| |11011011|18011018|00000000|11011011|11011011|00000000|11011011|11011018|
995c5fa3_0,|333|444|222| |222|444|222| |222|888|333|
a3df8b1e_0,|00001|00010|00100|01000|10000|01000|00100|00010|00001|00000| |01010|10101|01010|10101|01010|10101|01010|10101|01010|10101| |01010|10101|01010|10101|01010|10101|01010|00101|01010|10001|
6455b5f5_0,|0000000000200000|0000000000200000|2222222222200000|1111111111200000|1111111111222222|1111111111200000|1111111111200000|1111111111200000|1111111111200000|2222222222222222|8882000000282000|2222000000282000|8882000000282000| |0000000000200000|0000000000200000|2222222222200000|1111111111200000|1111111111222222|1111111111200000|1111111111200000|1111111111200000|1111111111200000|2222222222222222|8882000000282000|2222000000282000|0002000000282000| |0000000000200000|0000000000200000|2222222222200000|1111111111200000|1111111111222222|1111111111200000|1111111111200000|1111111111200000|1111111111200000|2222222222222222|0002000000282000|2222000000282000|0002000000282000|
ce9e57f2_0,|000000000|020000000|020200000|020200000|020200000|020200000|080200020|080800020|080800020|080802080|080808080| |000000000|020000000|020200000|020200000|020200000|020200000|020200020|020200020|080200020|080802080|080808080| |000000000|020000000|020200000|020200000|020200000|020800000|020800020|020800020|020800020|080802020|080808080|
46f33fce_0,|00006666000000000000|00006666000000000000|00006666000000000000|00006666000000000000|00000000111100000000|00000000111100000000|00000000111100000000|00000000111100000000|00003333000044440000|00003333000044440000|00003333000044440000|00003333000044440000|22220000000000000000|22220000000000000000|22220000000000000000|22220000000000000000|00000000000000000000|00000000000000000000|00000000000000000000|00000000000000000000| |00000000000000000000|00000000000000000000|00000000000000000000|00000000000000000000|00000066110000000000|00000000001100100000|00006000001111400000|00006000001111400000|00003000001144400000|00003000001144400000|00000000110000044400|00000000110000044400|00000033000000040000|00000033000000040000|00000333000000044400|00003000000000400000|44440000000066600000|44440000000066600000|22220000000066600000|22220000000066600000| |00000000000000000000|00000000000000000000|00000000000000000000|00000000000000000000|00000066110000000000|00000000000000000000|00002000000000000000|00002000000000000000|00000000001144000000|00000000001144000000|00000033330000000000|00000333330000000000|00000033000000040000|00000033000000040000|00000333330000040000|00002000000000400000|00220000000000000000|00220000000000000000|22220000000000000000|22220000000000000000|
40853293_0,|00000000000000000000|00030000000000000000|00030000050000000000|02232222252222222000|00030000050000000000|00030000050000000000|00030000050000000000|00030007757777000000|00030000050000000000|00030000050000000000|00030000000000000000|00030000000000000000|00030000000000000000|00030000000000000000|00030000888888800000|00030000000000000000|00030000000000000000|00030000000000000000|00030000000000000000|00000000000000000000| |00000000000000000000|00030000000000000000|00030000050000000000|02222222222222222000|00030000050000000000|00030000050000000000|00030000050000000000|00030007777777000000|00030000050000000000|00030000050000000000|00030000000000000000|00030000000000000000|00030000000000000000|00030000000000000000|00030000888888800000|00030000000000000000|00030000000000000000|00030000000000000000|00030000000000000000|00000000000000000000| |00000000000000000000|00030000000000000000|00030000050000000000|02222222222222222000|00030000050000000000|00030000050000000000|00030000050000000000|00030007757777000000|00030000050000000000|00030000050000000000|00030000000000000000|00030000000000000000|00030000000000000000|00030000000000000000|00030000800000800000|00030000000000000000|00030000000000000000|00030000000000000000|00030000000000000000|00000000000000000000|
7df24a62_0,|00000000010001000000000|00000400010001000000000|00000000010001000000000|00000040010001000000000|00040000011111000000000|00000000000000400000000|00000000000000000000000|00000000000000000000000|00000000004000000000000|00000400000000000004000|00000000400004000000000|00040400000000000040000|00001000000040000000000|00000000000000000000000|00100000000000100000000|00000000100000000000000|40000004000000000040000|00000000000000000000000|00000000000000000004000|00000000000000000000000|00000040400000000000000|00000000000000000000040|04000040000000000000000| |00000000000000000000000|00000400000000000000000|00000000000000000000000|00000040000000000000000|00040000000000000000000|00000000000101400000000|00000000000000110000000|00000000010100000000000|00000000014000000000000|00000401011101000004000|00000010400014100000000|00040401010011000140000|00001010000041000000000|00000000004100400000000|00000000004040000000000|00000001104040000000000|40000014104040000140000|00000011100000000000000|00000000000000000004000|00000011110000000000000|00000041410000000000000|00000000114000000000040|04000040000000000000000| |00000000011111000000000|00000400014111000000000|00000000011111000000000|00000040014141000000000|00040000011111000000000|00000000000000400000000|00000000000000000000000|00000000000000000000000|00000000004000000000000|00000400000000000004000|00000000400004000000000|00040400000000000040000|00000000001141000000000|00000000000111000000000|00000010000000000000000|00000000000000000000000|40000004000000000040000|00000000000000000000000|00000000000000000004000|00000000000000000000000|00000040400000000000000|00000000000000000000040|04000040000000000000000|
06df4c85_0,|00400400400400400400400400|00400400400400400400400400|44444444444444444444444444|00400488400400422400400400|00400488400400422400400400|44444444444444444444444444|00400488400400422400400400|00400488400400422400400400|44444444444444444444444444|00400488400400422400433400|00400488400400422400433400|44444444444444444444444444|00400488400400422400400400|00400488400400422400400400|44444444444444444444444444|00400400400400422400400400|00400400400400422400400400|44444444444444444444444444|00422422422422422400400400|00422422422422422400400400|44444444444444444444444444|00400400400400400400400400|00400400400400400400400400|44444444444444444444444444|00400400400400400400400400|00400400400400400400400400| |00000000000000000000000000|00000000000000000000000000|00000000000000000000000000|00000400400400411400400400|00000400400400411400400400|00044444444444444444444444|00000488488488411400400400|00000488488488411400400400|00044444444444444444444444|00000488400400411400400400|00000488400400411400400400|00044444444444444444444444|00000488400400411400433400|00000488400400411400433400|00044444444444444444444444|00000488400400411400400400|00000488400400411400400400|00044444444444444444444444|00000400400400400400400400|00000400400400400400400400|00044444444444444444444444|00000400422422422422422400|00000400422422422422422400|00044444444444444444444444|00000400400400400400400400|00000400400400400400400400| |00000000000000000000000000|00000000000000000000000000|00000000000000000000000000|00000000000000000000000000|00000000000000000000000000|00000000000000000000000000|00000000400400400400400400|00000000400400400400400400|00000044444444444444444444|00000000422422422422422400|00000000422422422422422400|00000044444444444444444444|00000000400400433400422400|00000000400400433400422400|00000044444444444444444444|00000000400400400400422400|00000000400400400400422400|00000044444444444444444444|00000000488488488400400400|00000000488488488400400400|00000044444444444444444444|00000000400400400400400400|00000000400400400400400400|00000044444444444444444444|00000000400400400400400400|00000000400400400400400400|
29c11459_0,|00000000000|66666599999|00000000000|00000000000|00000000000| |00000000000|00000000000|00000000000|66666599999|00000000000| |00000000000|44464589888|00000000000|00000000000|64445558889|
780d0b14_0,|118|118|
d4f3cd78_0,|0000000000|0000000000|0055555000|0050005000|0050005000|0050000000|0050005000|0055555000|0000000000|0000000000| |0000000000|0000000000|0005555000|0000005000|0000005000|0000000000|0000005000|0005555000|0000000000|0000000000| |0000000000|0000000000|0055555000|0058885000|0050885888|0058888808|0058885000|0055555000|0000000000|0000000000|
5daaa586_0,|2111311331|2001011003|1101111101|2301011003|2100011000|2300001000|3300003000|3300000000|3300000003|3000000003|3888888883|3888888888| |1303333312|1000000002|1000000002|1000000002|1000000002|1000000002|1000000002|1000000002|1000000002|1100000002|1000000002|1888888882| |1113111112|1000001002|1100001012|1000000002|1000001002|1000000102|1000001102|1000001102|1001001102|1201100102|1000100102|1211111112|
6773b310_0,|001|011|100| |001|011|000| |001|001|100|
d037b0a7_0,|408|408|478| |408|448|077| |408|408|477|
6aa20dc0_0,|3333333333333333333333|3333333333444333333333|3333333333444333333333|3333333333444333333333|3333338433333333333333|3333383833333333333333|3333318333333333333333|3333333333333333111333|3333333333333333111333|3333333333333333111333|3333333333333333333333|3333333333333333333333|4343333333333344433333|3133333333333331133333|4344433333333344433333|3344433333333344433333|3344433333444333333333|3333333333344333333333|3333333333444333333333|3333333333444333333333|3333333333333333333333|3333333333333333333333| |3333333333333333333333|3333333333434113111343|3333333333433333333333|3333333333433333333333|3333338433333333333333|3333333833333333333333|3333318333333333333333|3333333333331313133333|3333333333333333111343|3333333333333333111343|3333333333333333311343|3333333333333333311343|3333388833883333111343|3333338883888333313343|3333333888888333333333|3333333388888883333343|3333333838888333333333|3333338833333333333333|3333318833333333333333|3333333333333333333333|3333333833333333333333|3333333333333333333333| |3333333333333333333333|3333333333333333333333|3333333333444333333433|3333333333444333333433|3333333333333333333433|3333333333333333333333|3333333333333333333333|3333383333888338111333|3333383338888838111333|3333883388888888111333|3333383333888338888333|3333383883888338888333|3333383333888338888333|3333883388888881188333|3333883388888881188333|3334383333888338888333|3333383333888338888333|3333883388844888888333|3333883388844888888333|3333333333333333333333|3333333333333333333333|3333333333333333333333|
49d1d64f_0,|0280|2288|1144|3344|0340| |0280|2288|1144|3344|0344| |0480|4288|8144|3344|0340|
bdad9b1f_0,|080000|080000|080000|242222|080000|080000| |000080|000080|222242|000080|000080|000080| |002000|002000|002000|002000|884888|002000|
5168d44c_0,|00000000000000000|00000000000000000|00000000000000000|00000000000000000|00000000000000000|00000000000000000|00000000000000000| |00000000000000000|00000002220000000|00222032323030300|03232302220000000|00000000000000000|00000000000000000|00000000000000000| |00000000000000000|00000000000000000|30222030303030303|03232303000000000|00000000000000000|00000000000000000|00000000000000000|
a8d7556c_0,|000505005505555500|005505050005555055|500055252250505505|055505505500055055|555555500550000555|055550555050055250|550555555005005055|555520550555550550|505025550005555200|000050005555005255|505505550050555550|000550500550555555|055550052225555505|555555505555555005|550555050555505005|505555055000555505|050055555555555555|500000050505505500| |000505005505555500|005505052205555055|500055052250505505|055505505500055055|555555500550000555|055550555050055050|550555555005005055|555500552555550550|505005552205555000|000050025555005055|505505552250555550|000550502550555555|055550050005555505|555555505555555005|550555050555505005|505555055000555505|050055555555555555|500000050505505500| |000505005505555500|005505050005555255|500055050052525505|055505505500055055|555555502552002555|055552555050255250|550555555225225255|555520550555552550|505025550005555000|000050005555005055|505505550050555550|000550500550555555|055550050005555505|555555505555555005|550555050555505005|505555055000555505|050055555555555555|500000050505505500|
3af2c5a8_0,|40000004|00044000|44000044|44000044|00044000|40000004| |00444400|40000004|00044000|00044000|40000004|00444400| |00000000|00000000|00000000|00000000|00000000|00000000|
c3f564a4_0,|1234567812345678|2345678123456781|3456781234567812|4567812345678123|5678123456781234|6781234567812345|7812345678123456|8123456781234567|1234567812345678|2345678123456781|3456781234567812|4567812345678123|5678123456781234|6781234567812345|7812345678123456|8123456781234567| |7234567234567234|2345672345672345|3456723456723456|4567234567234567|5672345672345672|6723456723456723|7234567234567234|2345672345672345|3456723456723456|4567234567234567|5672345672345672|6723456723456723|7234567234567234|2345672345672345|3456723456723456|4567234567234567| |6234562345623456|2345623456234562|3456234562345623|4562345623456234|5623456234562345|6234562345623456|2345623456234562|3456234562345623|4562345623456234|5623456234562345|6234562345623456|2345623456234562|3456234562345623|4562345623456234|5623456234562345|6234562345623456|
d89b689b_0,|0000000000|0000000000|0000000000|0000000000|0000340000|0000670000|0000000000|0000000000|0000000000|0000000000| |0000000000|0000000000|0000000000|0000000000|0000470000|0000360000|0000000000|0000000000|0000000000|0000000000| |0000000000|0000000000|0000000000|0000000000|0000640000|0000370000|0000000000|0000000000|0000000000|0000000000|
a79310a0_0,|00000|02200|02000|02200|00000| |00000|00000|00200|02200|00000| |00000|00000|00000|02200|00000|
b1948b0a_0,|2772|2727|7772|7272| |2662|2626|6662|6262| |2772|2777|7777|7777|
6cf79266_0,|04044044400040444440|00440040440000444440|44400404040444444040|44040040000004440400|40044044444440440404|44004004444440044040|00041110444440404404|40441114400004400000|04441114440040444000|40004400400404440404|00040404440040444044|04400444400044444040|00400400400404400044|40440400444000044400|04444004040044044444|40044040400404040400|44040404400444100044|40111440440404100444|00111444404004100000|44111004400040404044| |04044044400040444440|00440040440000444440|44400404040444444040|44040040000004440400|40044044444440440404|44004004444440044040|00041110444440404404|40441114400004400000|04441114440040444000|40004400400404440404|00040404440040444044|04400444400044444040|00400400400404400044|40440400444000044400|04444004040044044444|40044140400404040400|44040404400444000044|40111441441414100444|00000444404104000000|44000004400040404044| |04044044400040444440|00440040440000444440|44400404040444444040|44040040000004440400|40044044444440440404|44004004444440044040|00041110444440404404|40441114400004400000|04440104440040444000|40004400400404440404|00040404440040444044|04400444400044444040|00400400400404400044|40440400444000044400|04444004040044044444|40044040400404040400|44040404400444100044|40011440440404000444|00000444404004000000|44000004400040404044|
5614dbcf_0,|400|030|090|
1f0c79e5_0,|008880088|000888888|000088880|000008880|000000888|000000088|000000008|000000000|000000000| |008880088|000888888|000088880|000088880|000880888|008800088|088000008|880000000|800000000| |008880088|000888888|000088880|000088880|000880888|008800088|000000008|000000000|000000000|
caa06a1f_0,|737373737373737373|373737373737373737|737373737373737373|373737373737373737|737373737373737373|373737373737373737|737373737373737373|373737373737373737|737373737373737373|373737373737373737|737373737373737373|373737373737373737|737373737373737373|373737373737373737|737373737373737373|373737373737373737|737373737373737373|373737373737373737| |73737373|37373737|73737373|37373737|73737373|37373737|73737373|37373737|
67e8384a_0,|166661|522225|222222|222222|522225|166661| |155551|522225|262262|262262|522225|155551| |655551|622225|662262|262262|522225|155551|
7fe24cdd_0,|110011|152551|252223|322251|155251|110011| |250022|251155|311113|311113|551152|220052| |530350|555353|335555|550530|353555|553535|
09629e4f_0,|00052225444|00052225444|00052225444|55555555555|00056665333|00056665333|00056665333|55555555555|00050005000|00050005000|00050005000| |00054445000|00054445000|00054445000|55555555555|00052225666|00052225666|00052225666|55555555555|00053335000|00053335000|00053335000| |00053335000|00053335000|00053335000|55555555555|00056665444|00056665444|00056665444|55555555555|22250005000|22250005000|22250005000|
6d0160f0_0,|00050005000|00050005000|00050005000|55555555555|00050005000|00050005004|00050005000|55555555555|00050005000|00050005000|00050005000| |00050005000|00050005000|06250005000|55555555555|02050005000|00050005000|00750005000|55555555555|00050005000|00050005000|00050005000| |00050005000|00050005000|00050005000|55555555555|00050205000|00050005000|00050005700|55555555555|00050005000|00050005000|00050005000|
7837ac64_0,|000|000|000| |808|008|888| |804|004|888|
ba26e723_0,|04060404060404060|64464464464464464|60404060404060404| |60404060404060000|64464464464464000|04060404060404000| |40406040406040406|46446646446446446|06040606040406040|
95990924_0,|000000000000000|055000000005500|055000000005500|000010021000000|000005500000000|000005500000000|000000000000550|000000000000550|000030012000000|000030011000000|005500000000000|005500000550000|000000000550000|000020044000000|000000000000000| |000000000000000|000000000000000|000100200000000|000055000000000|000055001002000|000300400550000|000000000550000|000000003004000|000010020000000|000005500000000|000005500000000|000030040100200|000000000055000|000000000055000|000000000000000| |440000000022000|450000000025000|000500000000040|000550000000040|000000000000000|000000000000000|000000000002500|000000000002500|000000000000000|040000000000000|040000005022000|000540000000000|000440000000000|000000003400000|000000000000000|
760b3cac_0,|808808000|880088000|008800000|000004000|000444000|000040000| |808808000|880088000|008800000|000004000|000044000|000040000| |000808808|000088880|000800008|000004000|000444000|000040000|
e179c5f4_0,|81818|18181|81818|18181|81818|18181|81818|88181|81818|18881| |81818|18881|81818|88888|81818|18881|81818|88188|81818|18881| |81818|18181|88888|88888|81888|18181|81818|18181|81888|18888|
05f2a901_0,|0000000000|0000000000|0000000000|0000000000|0000000000|0000000000|0880000000|0880000000|0000000000|0000000000|0000000000| |0000000000|0000000000|0000000000|0000000000|0800200000|0000000000|0880000000|0880000000|0000000000|0000000000|0000000000| |0000000000|0000000000|0000000000|0000000000|0200200000|0000000000|0000000000|0080000000|0000000000|0000000000|0000000000|
41e4d17e_0,|888888888888888|888888111118888|888888188818888|888688168816888|888888188818888|888886111118888|888888888888888|888888888888888|888888888888888|888111118888888|888188818888888|666166616666666|888188818888888|888111118888888|888888888888888| |888886888888888|888881111116888|888886888888888|666666166616666|888886888888888|888881111116888|888886888888888|888886888888888|888886888888888|888111118888888|888186818888888|888186818888888|888186818888888|888111118888888|888886888888888| |888886888888888|888886111118888|688886188818888|886886168818868|888886188818888|888866111118888|888886888888888|888886868888888|888886888888888|888111118888888|888186818868888|666166616666666|888186818868888|888111118888888|888886888888888|
3de23699_0,|2000022000|2000000000|0020000000|0022200000|0000200200|0000000200|0002200000|0000000000| |2000002000|2000000000|0220000000|0222200000|0022220000|0000220000|0000000002|0000220000| |2000220000|2000000000|0200000000|0222000000|0002002000|0000002000|0022000000|0000000000|
264363fd_0,|444444444444444444444444444444|444444444444444444444444444444|444111311111111444444444444444|444111311111111444444444444444|444111311111111444444444444444|444111311111111444444444444444|444111311111111444444444444444|444111311111111444444444444444|444111311111111444444444444444|444333233333333444444444444444|444111311111111444444444444444|444111311111111444444444444444|444444444444444444444444444444|444444444444444444444444444444|444444444444111111311113111114|444444444444111111311113111114|444444444444111111311113111114|444444444444113333333332333334|444444444444111111311113111114|444444444444111111311113111114|444444444444111111311113111114|444444444444111111311113111114|444444444444111111311113111114|444444444444111111311113111114|444444444444333333233333333334|444444444444111111311113111114|444444444444111111311113111114|444444444444111111311113111114|444444444444444444444444444444|444444444444444444444444444444| |444444444444444444444444444444|444444444444444444444444444444|444111311111111444444444444444|444111311111311444444444444444|444111111111111444444444444444|444111311133111444444444444444|444111111111111444444444444444|444131311111111444444444444444|444112311111111444444444444444|444133311111113444444444444444|444112211111111444444444444444|444133311111111444444444444444|444444444444444444444444444444|444444444444444444444444444444|444444444444111111211111111114|444444444444311111311111111114|444444444444111111211111111114|444444444444323232323231313134|444444444444111111211112111114|444444444444111131311111111114|444444444444111111211111111114|444444444444111111311111111114|444444444444111111111111111114|444444444444111111313111111114|444444444444222212111113111114|444444444444111111311133111114|444444444444111111111111111114|444444444444111111311111311114|444444444444444444444444444444|444444444444444444444444444444| |444444444444444444444444444444|444444444444444444444444444444|444111311111111444444444444444|444111311111111444444444444444|444111311111111444444444444444|444111311111111444444444444444|444111311111111444444444444444|444111311111111444444444444444|444111311111111444444444444444|444333233333333444444444444444|444111111111111444444444444444|444111111111111444444444444444|444444444444444444444444444444|444444444444444444444444444444|444444444444111111111111111114|444444444444111111111111111114|444444444444111111111111111114|444444444444333333133331333334|444444444444111111111111111114|444444444444111111111111111114|444444444444111111111111111114|444444444444111111111111111114|444444444444111111311113111114|444444444444111111111113111114|444444444444333333233333333334|444444444444111111311113111114|444444444444111111311113111114|444444444444111111311113111114|444444444444444444444444444444|444444444444444444444444444444|
cce03e0d_0,|000122122|000201201|000120120|122000000|201000000|120000000|000122000|000201000|000120000| |000000100|000000001|000000020|100000100|200000000|000000000|122200000|201000000|120000000| |000000000|000000000|000000000|100000000|200000000|120000000|000000000|000000000|000000000|
ce22a75a_0,|000000111|000000111|000000111|111000111|111000111|111000111|111000000|111000000|111000000| |000111|000111|000111|111111|111111|111111|111000|111000|111000| |111000000|111000000|111000000|000111000|000111000|000111000|000000111|000000111|000000111|
0dfd9992_0,|965695335965695335965|632362992632362992632|521251881521251881521|632362992632362992632|965695335965695335965|521251881521251881521|398938668398938668398|398938668398938668398|521251881521251881521|965695335965695335965|632362992632362992632|521251881521251881521|632362992632362992632|965695335965695335965|521251881521251881521|398938668398938668398|398938668398938668398|521251881521251881521|965695335965695335965|632362992632362992632|521251881521251881521| |965695335965695335965|632362992632362992632|521251881521251881521|632362992632362992632|965695335965695335965|521251881521251881521|398938668398938668398|398938668398938668398|521251881521251881521|965695335965695335965|632362992632362992632|521251881521251881521|632362992632362992632|965695335965695335965|521251881521258881521|398938668398938668398|398938668398938668398|521251881521251881521|965695335965695335965|632362992632362992632|521251881521251881521| |965695335965695335965|632362992632362992632|521251881521251881521|632362992632362992632|965695335965695335965|521251881521251881521|398938668398938668398|398938668398938668398|521251881521251881521|965695335965695335965|632362992632362992632|521251881521251881521|632362992632362992632|965695335965695335965|521251881521251881521|398938668398932968398|398938668398938668398|521251881521251881521|965695335965695335965|632362992632362992632|521251881521251881521|
6cdd2623_0,|0006000000000000000|0006000000000000000|0006000000000000000|0006000000000000000|0006000000000000000|6666666666666666666|0006000000000000000|0006000000000000000|0006000000000000000|0006000000000000000|0006000000000000000|0006000000000000000|0006000000000000000|0006000000000000000|0006000000000000000|0006000000000000000| |0006000000000006000|0006000000000000000|0006000000000000000|0006000000000000000|0006000000000000000|6666666666666666666|0006000000000000000|0006000000000000000|0006000000000000000|0006000000000000000|0006000000000000000|0006000000000000000|0006000000000000000|0006000000000000000|0006000000000000000|0006000000000006000| |0006000000000006000|0000000000000000000|0000000000000000000|0000000000000000000|0000000000000000000|6666666666666666686|0000000000000000000|0000000000000000000|0000000000000000000|0000000000000000000|0000000000000000080|0000000000000000000|0000000000000000000|0000000000000000000|0000000000000000000|0006000000000006000|
46442a0e_0,|141941|494194|919949|949919|491494|149141| |141411|494194|919919|919919|194494|441141| |141141|494494|919919|919919|494494|141141|
1c786137_0,|208111010|810828128|820201181|018811818|018808020|088288888|802000088|028812002|
623ea044_0,|00000600000000000|00000060000000000|00000006000000000|00000000600000006|00000000060000060|00000000006000600|00000000000606000|00000000000060000|00000000000606000|00000000006000600|00000000060000060|00000000600000006|00000006000000000|00000060000000000|00000600000000000|00006000000000000|00060000000000000|
50846271_0,|0505005505000505000550|0505500055005500000555|0000558000055005500555|0055058505050505505550|0505225225005055500550|0005052555050000555500|5500582055000500055555|5000000000058505005050|5858800550528255005550|0005550050008505550000|0005550505052820200550|0555000585500505800055|5500555008505085005505|0055558885005585800505|5505555855505550500550|5000588020505555000055|5550050250052252505055|5050050800000505550550|5555505055550500550505| |0505005505000505000550|0505500055005500000555|0000555000055005500555|0055055505050505505550|0505225225005055500550|0005052552020000555500|5500582058000500058555|5000000000052505005050|5555500550522255005550|0005550050005505550000|0005580505055250500550|0555000555500505500055|5500585005505055005505|0055522225005555500505|5505522255505550500550|5000525050505555000055|5550020550022222505055|5050050500000505550550|5555505055550500550505| |0505005505000505000550|0505500055005500000555|0000555000055005500555|0088055508050505505550|0505285228005055500550|0005052585050000555500|5500222085000500055555|5000000000055505005050|5555500850825255005550|0005550050005505550000|0005550505055250500550|0555000555500505500055|5500555005505055005505|0055555555005555500505|5505522255505550500550|5000528050505555000055|5550020550022222505055|5050050500000505550550|5555505055550500550505|
b8cdaf2b_0,|000000000|000000000|000000000|000000000|200000002|020000020|002000200|000888000|888222888| |000000000|000000000|000000000|000000000|200000002|202000202|000000000|000888000|888222888| |000000000|000000000|000000000|000000000|200000002|020000020|020002020|000888000|888222888|
60b61512_0,|000000000|000040000|004400000|004770000|000000000|000000000|000004000|000004440|000000470| |000000000|007740000|004477000|004770000|000000000|000000000|000004770|000004440|000007470| |000000000|007040000|004400000|004770000|000000000|000000000|000004770|000004440|000000470|
7b7f7511_0,|54|45|66| |545|454|664|
73251a56_0,|434455667788991122334|343344455566677788899|434333444455556666777|433433334444455555666|543343333344444455555|543334333333444444455|644333433333334444444|654333343333333344444|754433334333333333444|754433333433333333334|865443333343333333333|865443333334333333333|965444333333433333333|975544333333343333333|176544433333334333333|176544433333333433333|286554443333333343333|286554443333333334333|387654444333333333433|397655444333333333343|497655444433333333334| |434455667788991122334|343344455533677788899|434333444433556666777|433433334433455555666|543343333333444455555|543334333333444444455|644333433333334444444|654333343333333344444|333333334333333333444|333333333433333333334|865443333343333333333|865443333334333333333|965444333333433333333|975544333333343333333|176544433333334333333|176544444333333433343|286554444333333343343|286555554333333334333|387654444333444333433|397655444333554443343|497655444433333333334| |434455667788991122334|343344455533677788899|434333444433556666777|433433334433455555666|543343333333444455555|543334333333444444455|644333433333334444444|654333343333333344444|333333334333333333444|333333333433333333334|865443333343333333333|865443333334333333333|965444333333433333333|975544333333343333333|176544433333334333333|176544444333333433343|286554444333333343343|286555554333333334333|387654444333333333433|397655444333333333343|497655444433333333334|
0b148d64_0,|111101|101011|110110|000111|111111|111111|
025d127b_0,|0000000000|0044444400|0040000040|0004000004|0000400004|0000444444|0000000000|0000000000|0000000000|0000000000| |0000000000|0044444400|0044440040|0004000004|0000040404|0000444444|0000000000|0000000000|0000000000|0000000000| |0000000000|0000444400|0000000040|0000000004|0000400004|0000444444|0000000000|0000000000|0000000000|0000000000|
a1570a43_0,|00000000|00000000|00200000|02220000|02220000|02222200|00000000|00000000|00000000|00000000| |00000000|30000030|02000000|02200000|02220000|02222200|02000000|30000030|00000000|00000000| |00000000|30000030|00022000|00022200|00022200|00020000|00030000|30000030|00000000|00000000|
0d3d703e_0,|946|946|946| |649|649|649| |294|294|294|
b94a9452_0,|888888|888888|883888|888888|888888|888888| |888888|888888|888333|883333|888338|888338| |888888|838888|838333|838333|838338|888338|
f25ffba3_0,|7144|7133|7130|7100|0100|0100|7100|7130|7133|7144| |0000|0000|0000|0000|0000|0110|7117|7137|7133|7144|
ac0a08a4_0,|111100000000|111100000000|111100000000|111100000000|000099996666|000099996666|000099996666|000099996666|888800000000|888800000000|888800000000|888800000000|
22eb0ac0_0,|0000000000|4000000002|0000000000|3333333333|0000000000|2000000009|0000000000|6666666666|0000000000|9000000004| |0000000000|4000000002|0000000000|3000000003|0000000000|2000000009|0000000000|6000000006|0000000000|9000000004| |0000000000|4444444444|0000000000|3000000003|0000000000|2000000009|0000000000|6000000006|0000000000|9000000004|
af902bf9_0,|0000040004|0000002220|0000002220|0000002220|0000040004|4004000000|0220000000|0220000000|4004000000|0000000000| |0000040004|0000002220|0000002220|0000002220|0000040004|4004000000|0200000000|0020000000|4004000000|0000000000| |0000040004|0000002220|0000002220|0000002220|0000040004|4004040004|0220000000|0220000000|4004000000|0000000000|
dc1df850_0,|0111000070|0121000000|0111001110|0000001210|0000001110|0700000000|0000111000|0000121000|0000111000|0000000005| |0111000070|0121000000|0111001110|0000001210|0000001110|0700000000|0000111000|0000121000|0000111000|0000000000| |0000000000|0000000000|0000000000|0000000000|0000000000|0000000000|0000000000|0000000000|0000000000|0000000000|
b91ae062_0,|000011110000|000011110000|000011110000|000011110000|000088887777|000088887777|000088887777|000088887777|999999990000|999999990000|999999990000|999999990000|
d6ad076f_0,|1111000000|1111000222|1111888222|1111888222|1111888222|1111888222|1111000222|1111000000|0000000000|0000000000| |1111000000|1111000222|1111888222|1111888222|1111888222|1111888222|1111000222|1111000000|0800000000|0000000000| |1111000000|1111000222|1111888222|1111888222|1111888222|1111888222|1111000222|1111000080|0000000080|0000000000|
97999447_0,|00000000|00035353|00454544|00000000|00008888|00000000|00025222|00000000|00000000| |00453000|00535000|00455532|00055000|00058282|00082000|00028252|00000000|00000000| |00000000|00035353|00453532|00000000|00005858|00000000|00025282|00000000|00000000|
662c240a_0,|111|188|188| |544|454|454| |533|353|353|
a9f96cdd_0,|00030|00000|00030| |00000|00000|00000| |00000|08070|00000|
d406998b_0,|00030003030050500|50500300500300030|03005050005003005| |00050005050030300|30300500300500050|05003030003005003| |00050005050030300|50500300500500050|05003030003005003|
1f642eb9_0,|0006020000|0000000000|0000000000|9096280000|0098880007|3098880000|6068630000|0000000000|0000000000|0000600000| |0006020000|0000000000|0000000000|9096280000|0068880007|3098880000|4038880000|0000000000|0000000000|0000600000| |0006020000|0000000000|0000000000|9096680000|0098880007|3098880000|4088880000|0000000000|0000000000|0000600000|
72322fa7_0,|0000000000030303000|0000000000003730000|0033300080030303000|0034300030000000000|0033300000000000000|0000303000000000000|0000038300000000000|0000303030000003233|0000000000000002423|0000000030300003233|0830000030300003330|0000000000300000000|0000000000000000000|0000000000330000000|0000000000320300333|0000303000232300313|0000343000320300383|0000303000330000313|0000000000000000330| |0000000000000303000|0000000000003730000|0033300083030303000|0034300033000000000|0003000000000000000|0000000030000000000|0000038300000000000|0000303030000003233|0000000000000002423|0000000000000000000|0800000037300003330|3330000033300000000|0000000000000000000|0000000000000000000|0000000000020300030|0000000003232300010|0000343003320300080|0000303000330000010|0000000000000000000| |0000000000000000000|0000000000003730000|0000000080000000000|0004000204000000000|0000000000000000000|0000000000000000000|0000030300000000000|0000000000000000200|0000000000000002420|0000000000000000000|0000000000000000000|0000000007000000000|0000000000000000000|0000000000000000000|0000000000000000000|0000040004242400010|0000000000000000080|0000000000000000010|0000000000000000000|
6e82a1ae_0,|0000000001|0000000001|0011022001|0110002001|0000000000|0000000000|2000000000|2003300300|2000000300|0000000000| |0000000001|0000000001|0011011001|0310001002|0000000000|0000000000|1000000000|1001100100|1000000100|0000000000| |0000000001|0000000001|0011011001|0110001001|0000000000|0000000000|1000000000|1001100100|1000000100|0000000000|
1b60fb0c_0,|0000100000|0011111000|0002112010|0000122010|0020111111|0022112110|0222212010|0020112000|0021111100|0000010000| |0000100000|0011111000|0000110010|0000122010|0020111111|0022112110|0222212010|0020112000|0001111100|0000010000| |0000100000|0011111000|0002112010|0000122010|0020111111|0022112110|0222210010|0020110000|0021111100|0000010000|
36fdfd69_0,|000999009900000090|924224000900900000|022442009990090090|000000000999999090|099000909909009999|999909242290090000|000009222290990000|909909009099099909|000900099999090000|990909099009900009|099090429009009999|099009249900099909|909909990090009990|999999000092242290|099999909002424429|090900990902292290|900000000000909990| |000999009900000090|924224000900900000|022442009990090090|000000000999999090|099000909909009999|999909242290090000|000009222220990000|909909009049099909|000900099999090000|990909099009900009|099090429009009999|099009249900099909|909909990090009990|999999000092292290|099999909002424429|090900990902292290|900000000000909990| |000999009900000090|924224000900900000|022442009990090090|000000000999999090|099000909909009999|999909242290090000|000009222290990000|909909009099099909|000900099999090000|990909099009900009|099090929009009999|099009299900099909|909909990090009990|999999000042242290|099999909002924429|090400990902292290|900000000000909990|
67a423a3_0,|000000005000|000000005000|000000005000|000000005000|000000005000|000000044400|333333345433|000000044400|000000005000|000000005000|000000005000|000000005000| |000000005000|000000005000|000000005000|000000005000|000000005000|000000005000|333333335333|000000005000|000000005000|000000005000|000000005000|000000005000| |000000000000|000000000000|000000000000|000000000000|000000005000|000000005000|000000005000|000000044400|000033345433|000000044400|000000005000|000000005000|
a3325580_0,|51|51|51|51|51|51|51| |51|51|51|51|81|81|81| |51|51|51|51|
9aec4887_0,|0111110|2880884|2808804|2088444|2003004|2880384|0333330| |0111110|2810184|2208804|2088444|2003004|2880184|0333330| |0111110|2810884|2208804|2088444|2003004|2830184|0333330|
941d9a10_0,|1505005050|5555555555|0505005050|0515225250|5555555555|0505225250|5555555555|0505005050|5555555555|0505005053| |1515005050|5555555555|1515225250|0515225250|5555555555|0525225250|5555555555|0525225353|5555555555|0505005353| |1515005050|5555555555|0515225250|0515225250|5555555555|0525225250|5555555555|0525225250|5555555555|0505005053|
7e0986d6_0,|00000000000055550|00000000000055550|05555555500055550|05555555500055550|05555555500055550|05555555500055550|05555555500055550|05555555500000000|00000000000000000|00000000000000000|00000055555000000|00000055505500000| |00000000000055550|00000000000055550|05555555500055550|05555555500055550|05555555500055550|05555555500055550|05555555500055550|05555555500000000|00000000000000000|00000000000000000|00000000000000000|00000000000000000| |00000000000055550|00000000000055550|05555555500055550|05555555500055550|05555555500055550|05555555500055550|05555555500055550|05555555500000000|00000000000000000|00000000000000000|00000055555000000|00000055555500000|
1f85a75f_0,|0222|2202|2202|0222| |2220|2222|2222|0222| |0200|2220|0220|0000|
5bd6f4ac_0,|589|090|920| |004|180|060| |970|484|400|
08ed6ac7_0,|000000000|020000000|020002000|020003000|020003010|020003010|040203010|040203010|040203010| |000000000|020000000|020002000|020002000|020002040|020002040|020302040|020302040|020302040| |000000000|010000000|010001000|010003000|010003010|010003010|040203010|040203010|040203010|
68b16354_0,|1471234|3284184|4111784|1123813|1111473|4411434|2813241| |1421282|4244144|4741884|1183213|4871434|4814824|4823741| |1423182|4341144|3741111|3183211|4871114|4814823|4321741|
d13f3404_0,|003000|000300|049030|004903|000490|000049| |903000|490300|049030|004903|000490|000040| |903000|490300|049030|004903|000490|000049|
b775ac94_0,|000000000000000000000000|000000000000000000000000|000000000000000000000000|000000000000000000000000|000000000000000000000000|000000082000000000000000|000000082000000000000000|000000000000000000000000|000000000000000000000000|000000000000000000000000|000000000000000000000000|000000000000000000000000|000000000000000000000000|000000000000000000000000|000000000000000000000000|000000000000000000000000|000000000000000000000000|000000000000000000000000|000000000002220000000000|000000000002000000000000|000000000002000000000000|000000000002220000000000|000000000000020000000000|000000000000000000000000| |000000000000000000000000|000000000000000000000000|000000000000000000000000|000000000000000000000000|000000000000000000000000|000000082000000000000000|000000082000000000000000|000000000000000000000000|000000000000000000000000|000000000000000000000000|000000000000000000000000|000000000000000000000000|000000000000000000000000|000000000000000000000000|000000000000000000000000|000000000000000000000000|000000000000000000000000|000000000000000000000000|000000000000000000000000|000000000000000000000000|000000000000000000000000|000000000000000000000000|000000000000000000000000|000000000000000000000000| |000000000000000000000000|000000000000000000000000|000000000000000000000000|000000000000000000000000|000000000000000000000000|000000022000000000000000|000000022000000000000000|000000000000000000000000|000000000000000000000000|000000000000000000000000|000000000000000000000000|000000000000000000000000|000000000000000000000000|000000000000000000000000|000000000000000000000000|000000000000000000000000|000000000000000000000000|000000000000000000000000|000000000000000000000000|000000000000000000000000|000000000000000000000000|000000000000000000000000|000000000000000000000000|000000000000000000000000|
e76a88a6_0,|0444000000|0144005410|0141005440|0111005110|0000001110|0055100000|0055400111|0055100414|0055400414|0000000144| |0444000000|0144005410|0141005110|0111005140|0000001140|0055100000|0055100111|0055100414|0055100414|0000000144| |0444000000|0144005510|0141005540|0111005510|0000005510|0055100000|0055400114|0055100414|0055400414|0000000444|
67a3c6ac_0,|167|676|226| |622|676|761| |276|676|612|
56dc2b01_0,|000000000200382000|000000000230082000|000000000233382000|000000000230002000| |000020338000000000|000023038000000000|000023338000000000|000023008000000000| |000000808020000000|000000808000000000|000000808000000000|000000008020000000|
d687bc17_0,|04444444444444440|10000000400000002|10000000000000002|10000000000000002|10000000000000002|11000000000000002|10000000000000002|10000000000000022|10000000000000002|10000000000000002|10000000000000002|10000000000000002|10080008000008002|08888888888888880| |04444444444444440|10000000400000402|11000000000000002|10000000000000022|10000000000000002|11000000000000002|10000000000000002|10000000000000022|10000000000000002|10000000000000002|11000000000000002|10000000000000002|10080008000008002|08888888888888880| |04444444444444440|10000000400000002|10000000000000002|10000000000000002|10000000000000002|11000000000000002|10000000000000002|10000000000000022|10000000000000002|16000000000000002|10000000000000002|10000000000000002|10080008000008002|08888888888888880|
a699fb00_0,|0121000000|0000000000|0012121210|0000000000|0121000000|0000012100|0000000000|0001210000|0000000000|0000000000| |0121000000|0000000000|0012121210|0000000000|0121000000|0000012100|0000020000|0001210000|0000000000|0000000000| |0212000000|0000000000|0012121210|0000000000|0112000000|0000011100|0000000000|0002110000|0000000000|0000000000|
6c434453_0,|0000000010|0000000111|0020000010|0222000000|0020000000|0000000000|0000001100|0020000000|0222000011|0020000011| |0000000010|0000000111|0020000010|0222000000|0020000000|0000000000|0000001100|0020000000|0222000011|0020000001| |0000000010|0000000110|0020000000|0222000000|0020000000|0000000000|0000001100|0020000000|0222000011|0020000011|
3618c87e_0,|00000|00000|00000|00505|55151| |00000|00000|00000|00505|55555| |00000|00000|00000|00505|55155|
d9f24cd1_0,|0000050020|0000555020|0000555020|0020000020|0550000020|0250200020|0200520020|0200222020|0200202020|0200200020| |0000020020|0000020020|0000020020|0000020020|0500020020|0200020020|0200020020|0200220020|0200220020|0200200020| |0000000220|0000200220|0000200520|0020200220|0520200220|0200000220|0200500220|0200200220|0200200220|0200200220|
9d9215db_0,|0000000000000000000|0404080808080804040|0000000000000000000|0403000000000003040|0000000000000000000|0800000000000000080|0000000000000000000|0800000000000000080|0000000000000000000|0800000000000000080|0000000000000000000|0800000000000000080|0000000000000000000|0800000000000000080|0000000000000000000|0303000000000003030|0000000000000000000|0403080808080803040|0000000000000000000| |0000000000000000000|0404080808080804040|0000000000000000000|0400000000000000040|0000000000000000000|0800000000000000080|0000000000000000000|0800000000000000080|0000000000000000000|0800000000000000080|0000000000000000000|0800000000000000080|0000000000000000000|0800000000000000080|0000000000000000000|0300000000000000030|0000000000000000000|0403080808080803040|0000000000000000000| |0000000000000000000|0408080808080808040|0000000000000000000|0800000000000000080|0000000000000000000|0800000000000000080|0000000000000000000|0800000000000000080|0000000000000000000|0800000000000000080|0000000000000000000|0800000000000000080|0000000000000000000|0800000000000000080|0000000000000000000|0800000000000000080|0000000000000000000|0408080808080808040|0000000000000000000|
bc1d5164_0,|011|100|001| |011|100|011| |011|101|001|
b782dc8a_0,|884800834343434|083888848888888|084343438000008|088888848880888|000000834380800|888880888480808|434380008380808|888488808480888|008343808380000|808884888488808|800083434343808|888084888888808|438083800000008|848884808888888|834343808000000| |848888888008000|438000008888000|388088800088000|480083808888000|388884808008000|434343808888000|848884800088000|838088808888000|848000008438000|838888888388000|843434343488000|888388838888000|008480848008000|808880838088000|800000848088000| |843434888888088|438883434348000|888084888838880|800083800843480|808884880838880|808343480848000|808888880838888|800000000843434|880888088838888|080808084348000|088808883888088|888888888888888|000000000000000|000000000000000|000000000000000|
8efcae92_0,|1111211211|1111111111|1121111111|1111121121|1111111111|1212111111|1111111211|1121211111|1111111111| |1111111111|1111112111|1211111111|1112111121|1111111111|1111111111|1111111111|1121112111|1111111111| |1111111111|1111111111|1211111112|1112112111|1111111111|1111111111|1111111111|1121111112|1111111111|
1f876c06_0,|0000003009|7000030090|0700300900|0073009000|6007000000|0600700004|0060070040|0006007400|0000004000|0000040000| |0000003009|7000030390|0000300960|0003009600|6000306907|0600060074|0060603700|0006007300|0000600000|0000040000| |0000003009|7000030090|0000300900|0003009000|6030390000|0300930004|0060003000|0006007300|0000600000|0000040000|
ea786f4a_0,|06666666660|60666666606|66066666066|66606660666|66660606666|66666066666|66660606666|66606660666|66066666066|60666666606|06666666660| |00666666600|00666666600|66006660066|66006660066|66660006666|66660006666|66660006666|66006660066|66006660066|00666666600|00666666600| |00666666600|00666666600|66066666066|66600600666|66600600666|66666066666|66600600666|66600600666|66066666066|00666666600|00666666600|
5c0a986e_0,|0000000000|0000000000|0000000000|0000021100|0000001100|0022000200|0022000020|0000000002|0000000000|0000000000| |0000000000|0000000000|0000000000|0000001100|0020001100|0022000000|0022200000|0000020000|0000002000|0000000200| |0000000000|0000000000|0000000000|0000001100|0000001100|0022000000|0022000000|0000000000|0000000000|0000000000|
a61f2674_0,|000000000|000000000|000100000|000100000|000101000|000001000|000001000|000000000|000000000| |000000000|000000000|000100000|000100000|000100000|000100000|000100000|000100000|010100000| |000000000|000000000|000000000|000000000|000000000|000000000|000000000|000000000|000000000|
99b1bc43_0,|0330|0303|3033|3330| |0330|0303|3333|3330| |0000|3330|0033|3333|
b548a754_0,|0000000000000|0006666600000|0006444600000|0006444600000|0006444600000|0006444600000|0006444600000|0006444600000|0006444600000|0006444600000|0006444600000|0006444600000|0006666600000| |0000000000000|0006666600000|0006444400000|0006444400000|0006444400000|0006444600000|0006444600000|0006444600000|0006444600000|0006444600000|0006444600000|0006444600000|0006666600000| |0000000000000|0006666600000|0006444400000|0006444400000|0006444400000|0006446600000|0006444600000|0006444600000|0006444600000|0006444600000|0006444600000|0006444600000|0006666600000|
e3497940_0,|0000|0001|0001|6111|0066|0011|0001|0061|0006|0000| |0000|0001|0001|0011|0066|0111|0001|0061|0006|0000| |0000|0001|0001|6111|0066|0111|0001|0061|0006|0000|
e26a3af2_0,|621121111211111|121121111211111|111111111111111|221222222222422|221212222222222|221222222222222|221222222222222|881888888888888|881818888888888|881888888888888|881888888888188|441444444444444|441444444444444|331333333333333|861333333333323| |611111111111111|111111111111111|111111111111111|222222222222222|222212222228222|222222222222522|882222222222288|888888888888888|888888888888888|888888888888888|888888888888888|444444444444444|444444444444444|331333333333333|861333333333333| |681181111811111|181181111811111|111181111111111|281888828828822|221212222222222|221222222222222|881222222222228|881888888888888|881818888888888|881888888888888|881888888888188|441444444444444|441444444444444|331333333333333|861333333333333|
f9012d9b_0,|888|888|888| |188|818|881| |181|888|881|
2c608aff_0,|222222222222222222222|222222222122222222222|221111111111111111222|221222222122212222222|221222222122212222222|221222288888888222222|221222288888888222222|221222288888888111112|221222288888888222222|221111188888888222222|222222288888888222222|222222222221222222222|222222222221222222222|222222222221222122222|222222222221222222222|222222222221222222222|222222222221222222222|222111111111222222222|222222222222222222222| |222222222222222222222|222222222122222222222|221222211111111221222|222222222122212222222|222222222122212222222|221222288888888222222|221222288888888222222|221222288888888111112|221222288888888222222|221111188888888222222|222222288888888222222|222222222221222222222|222222222221222222222|222222222221222122222|222222222222222222222|222222222222222222222|222222222222222222222|222122222121222222222|222222222222222222222| |222222222222222222222|222222222122222222222|221112221112111111222|221222222122212222222|221222222122212222222|221222288888888222222|222222288888888222222|221222288888888111112|221222288888888222222|221111188888888222222|222222288888888222222|222222222222222222222|222222222222222222222|222222222222222122222|222222222222222222222|222222222222222222222|222222222222222222222|222122222221222222222|222222222222222222222|
